OTHER
60
 1
 2
 3
 4
 5
 6
 7
 8
 9
 10
 11
 12
 13
 14
 15
 16
 17
 18
 19
 20
 21
 22
 23
 24
 25
 26
 27
 28
 29
 30
 31
 32
 33
 34
 35
 36
 37
 38
 39
 40
 41
 42
 43
 44
 45
 46
 47
 48
 49
 50
 51
 52
 53
 54
 55
 56
 57
 58
 59
 60 120 7140
 1 2 43
 1 3 38
 1 4 41
 1 5 44
 1 6 41
 1 7 44
 1 8 37
 1 9 37
 1 10 39
 1 11 41
 1 12 37
 1 13 37
 1 14 40
 1 15 37
 1 16 37
 1 17 44
 1 18 45
 1 19 43
 1 20 45
 1 21 38
 1 22 38
 1 23 39
 1 24 41
 1 25 40
 1 26 41
 1 27 40
 1 28 37
 1 29 42
 1 30 45
 1 31 38
 1 32 45
 1 33 40
 1 34 45
 1 35 41
 1 36 37
 1 37 43
 1 38 37
 1 39 42
 1 40 38
 1 41 38
 1 42 39
 1 43 45
 1 44 43
 1 45 37
 1 46 39
 1 47 40
 1 48 39
 1 49 38
 1 50 38
 1 51 45
 1 52 41
 1 53 40
 1 54 44
 1 55 39
 1 56 39
 1 57 42
 1 58 40
 1 59 39
 1 60 39
 1 61 4
 1 62 1
 1 63 4
 1 64 1
 1 65 1
 1 66 9
 1 67 2
 1 68 8
 1 69 2
 1 70 2
 1 71 8
 1 72 2
 1 73 2
 1 74 2
 1 75 2
 1 76 2
 1 77 2
 1 78 9
 1 79 1
 1 80 9
 1 81 7
 1 82 1
 1 83 5
 1 84 9
 1 85 1
 1 86 4
 1 87 9
 1 88 8
 1 89 2
 1 90 6
 1 91 6
 1 92 7
 1 93 7
 1 94 3
 1 95 8
 1 96 8
 1 97 4
 1 98 3
 1 99 2
 1 100 2
 1 101 3
 1 102 4
 1 103 2
 1 104 3
 1 105 9
 1 106 9
 1 107 6
 1 108 5
 1 109 8
 1 110 2
 1 111 9
 1 112 5
 1 113 2
 1 114 2
 1 115 5
 1 116 4
 1 117 4
 1 118 6
 1 119 6
 1 120 6
 2 3 41
 2 4 44
 2 5 40
 2 6 41
 2 7 43
 2 8 38
 2 9 39
 2 10 37
 2 11 45
 2 12 41
 2 13 39
 2 14 37
 2 15 38
 2 16 40
 2 17 44
 2 18 43
 2 19 43
 2 20 40
 2 21 41
 2 22 45
 2 23 37
 2 24 40
 2 25 44
 2 26 42
 2 27 41
 2 28 45
 2 29 44
 2 30 39
 2 31 41
 2 32 41
 2 33 37
 2 34 42
 2 35 44
 2 36 45
 2 37 44
 2 38 41
 2 39 39
 2 40 39
 2 41 37
 2 42 38
 2 43 42
 2 44 38
 2 45 44
 2 46 43
 2 47 38
 2 48 39
 2 49 42
 2 50 43
 2 51 38
 2 52 44
 2 53 38
 2 54 40
 2 55 39
 2 56 41
 2 57 43
 2 58 39
 2 59 42
 2 60 39
 2 61 2
 2 62 7
 2 63 5
 2 64 9
 2 65 9
 2 66 9
 2 67 4
 2 68 4
 2 69 2
 2 70 9
 2 71 3
 2 72 4
 2 73 9
 2 74 1
 2 75 1
 2 76 3
 2 77 7
 2 78 8
 2 79 2
 2 80 2
 2 81 2
 2 82 9
 2 83 4
 2 84 1
 2 85 2
 2 86 2
 2 87 8
 2 88 9
 2 89 4
 2 90 3
 2 91 3
 2 92 7
 2 93 2
 2 94 4
 2 95 2
 2 96 3
 2 97 2
 2 98 5
 2 99 6
 2 100 4
 2 101 6
 2 102 4
 2 103 6
 2 104 6
 2 105 4
 2 106 5
 2 107 4
 2 108 3
 2 109 8
 2 110 6
 2 111 5
 2 112 4
 2 113 1
 2 114 2
 2 115 4
 2 116 6
 2 117 7
 2 118 9
 2 119 5
 2 120 5
 3 4 42
 3 5 42
 3 6 37
 3 7 43
 3 8 42
 3 9 43
 3 10 41
 3 11 45
 3 12 40
 3 13 43
 3 14 44
 3 15 44
 3 16 45
 3 17 45
 3 18 44
 3 19 44
 3 20 45
 3 21 38
 3 22 45
 3 23 44
 3 24 41
 3 25 41
 3 26 39
 3 27 42
 3 28 45
 3 29 38
 3 30 43
 3 31 42
 3 32 45
 3 33 42
 3 34 45
 3 35 42
 3 36 42
 3 37 44
 3 38 42
 3 39 40
 3 40 38
 3 41 38
 3 42 38
 3 43 41
 3 44 42
 3 45 42
 3 46 42
 3 47 44
 3 48 45
 3 49 41
 3 50 43
 3 51 41
 3 52 38
 3 53 42
 3 54 45
 3 55 45
 3 56 42
 3 57 42
 3 58 41
 3 59 42
 3 60 42
 3 61 5
 3 62 2
 3 63 8
 3 64 7
 3 65 4
 3 66 7
 3 67 2
 3 68 5
 3 69 3
 3 70 8
 3 71 6
 3 72 2
 3 73 1
 3 74 9
 3 75 4
 3 76 7
 3 77 6
 3 78 5
 3 79 8
 3 80 7
 3 81 5
 3 82 1
 3 83 1
 3 84 8
 3 85 8
 3 86 6
 3 87 7
 3 88 6
 3 89 5
 3 90 6
 3 91 8
 3 92 2
 3 93 8
 3 94 7
 3 95 5
 3 96 7
 3 97 6
 3 98 4
 3 99 8
 3 100 2
 3 101 8
 3 102 6
 3 103 3
 3 104 5
 3 105 3
 3 106 4
 3 107 2
 3 108 3
 3 109 4
 3 110 2
 3 111 3
 3 112 5
 3 113 7
 3 114 6
 3 115 3
 3 116 5
 3 117 3
 3 118 5
 3 119 7
 3 120 4
 4 5 41
 4 6 44
 4 7 40
 4 8 41
 4 9 42
 4 10 37
 4 11 43
 4 12 39
 4 13 41
 4 14 43
 4 15 38
 4 16 37
 4 17 43
 4 18 40
 4 19 42
 4 20 42
 4 21 38
 4 22 39
 4 23 45
 4 24 41
 4 25 40
 4 26 37
 4 27 37
 4 28 45
 4 29 44
 4 30 42
 4 31 42
 4 32 38
 4 33 37
 4 34 39
 4 35 38
 4 36 38
 4 37 37
 4 38 40
 4 39 45
 4 40 44
 4 41 42
 4 42 39
 4 43 44
 4 44 40
 4 45 38
 4 46 41
 4 47 38
 4 48 44
 4 49 41
 4 50 40
 4 51 42
 4 52 41
 4 53 39
 4 54 44
 4 55 42
 4 56 40
 4 57 45
 4 58 42
 4 59 45
 4 60 38
 4 61 8
 4 62 6
 4 63 2
 4 64 9
 4 65 4
 4 66 7
 4 67 8
 4 68 4
 4 69 7
 4 70 4
 4 71 2
 4 72 1
 4 73 1
 4 74 7
 4 75 8
 4 76 2
 4 77 7
 4 78 5
 4 79 3
 4 80 2
 4 81 9
 4 82 5
 4 83 8
 4 84 2
 4 85 7
 4 86 3
 4 87 8
 4 88 5
 4 89 2
 4 90 2
 4 91 9
 4 92 6
 4 93 6
 4 94 9
 4 95 2
 4 96 6
 4 97 3
 4 98 4
 4 99 6
 4 100 5
 4 101 3
 4 102 3
 4 103 5
 4 104 2
 4 105 1
 4 106 6
 4 107 2
 4 108 5
 4 109 8
 4 110 8
 4 111 1
 4 112 6
 4 113 3
 4 114 2
 4 115 1
 4 116 3
 4 117 9
 4 118 2
 4 119 2
 4 120 3
 5 6 45
 5 7 44
 5 8 42
 5 9 45
 5 10 44
 5 11 43
 5 12 40
 5 13 38
 5 14 45
 5 15 40
 5 16 42
 5 17 42
 5 18 42
 5 19 41
 5 20 40
 5 21 38
 5 22 39
 5 23 42
 5 24 42
 5 25 44
 5 26 40
 5 27 44
 5 28 39
 5 29 44
 5 30 42
 5 31 39
 5 32 40
 5 33 41
 5 34 42
 5 35 38
 5 36 44
 5 37 40
 5 38 37
 5 39 44
 5 40 42
 5 41 40
 5 42 39
 5 43 45
 5 44 43
 5 45 40
 5 46 39
 5 47 38
 5 48 45
 5 49 37
 5 50 43
 5 51 42
 5 52 45
 5 53 37
 5 54 43
 5 55 37
 5 56 37
 5 57 42
 5 58 41
 5 59 40
 5 60 43
 5 61 6
 5 62 1
 5 63 2
 5 64 8
 5 65 6
 5 66 2
 5 67 8
 5 68 9
 5 69 3
 5 70 1
 5 71 4
 5 72 7
 5 73 2
 5 74 3
 5 75 5
 5 76 5
 5 77 4
 5 78 2
 5 79 1
 5 80 1
 5 81 6
 5 82 6
 5 83 5
 5 84 9
 5 85 1
 5 86 8
 5 87 1
 5 88 8
 5 89 9
 5 90 2
 5 91 8
 5 92 8
 5 93 9
 5 94 8
 5 95 9
 5 96 3
 5 97 3
 5 98 2
 5 99 2
 5 100 8
 5 101 1
 5 102 6
 5 103 2
 5 104 9
 5 105 2
 5 106 9
 5 107 3
 5 108 6
 5 109 7
 5 110 6
 5 111 8
 5 112 9
 5 113 5
 5 114 6
 5 115 1
 5 116 9
 5 117 7
 5 118 9
 5 119 7
 5 120 5
 6 7 43
 6 8 40
 6 9 41
 6 10 40
 6 11 38
 6 12 45
 6 13 39
 6 14 40
 6 15 43
 6 16 43
 6 17 39
 6 18 42
 6 19 43
 6 20 37
 6 21 38
 6 22 42
 6 23 45
 6 24 37
 6 25 43
 6 26 43
 6 27 41
 6 28 44
 6 29 43
 6 30 39
 6 31 44
 6 32 39
 6 33 41
 6 34 45
 6 35 45
 6 36 43
 6 37 45
 6 38 41
 6 39 45
 6 40 39
 6 41 42
 6 42 37
 6 43 41
 6 44 42
 6 45 42
 6 46 38
 6 47 39
 6 48 39
 6 49 41
 6 50 42
 6 51 42
 6 52 43
 6 53 41
 6 54 38
 6 55 41
 6 56 39
 6 57 37
 6 58 43
 6 59 43
 6 60 39
 6 61 6
 6 62 7
 6 63 7
 6 64 8
 6 65 4
 6 66 1
 6 67 1
 6 68 2
 6 69 1
 6 70 8
 6 71 1
 6 72 7
 6 73 7
 6 74 9
 6 75 2
 6 76 4
 6 77 6
 6 78 1
 6 79 7
 6 80 3
 6 81 7
 6 82 8
 6 83 3
 6 84 5
 6 85 5
 6 86 1
 6 87 7
 6 88 8
 6 89 5
 6 90 3
 6 91 2
 6 92 2
 6 93 4
 6 94 6
 6 95 5
 6 96 9
 6 97 1
 6 98 9
 6 99 1
 6 100 1
 6 101 3
 6 102 6
 6 103 3
 6 104 2
 6 105 9
 6 106 9
 6 107 8
 6 108 8
 6 109 6
 6 110 5
 6 111 2
 6 112 2
 6 113 8
 6 114 4
 6 115 2
 6 116 5
 6 117 4
 6 118 3
 6 119 2
 6 120 2
 7 8 44
 7 9 44
 7 10 42
 7 11 37
 7 12 40
 7 13 37
 7 14 43
 7 15 37
 7 16 43
 7 17 41
 7 18 39
 7 19 45
 7 20 41
 7 21 41
 7 22 44
 7 23 45
 7 24 38
 7 25 40
 7 26 43
 7 27 41
 7 28 40
 7 29 41
 7 30 40
 7 31 45
 7 32 37
 7 33 45
 7 34 45
 7 35 37
 7 36 40
 7 37 37
 7 38 38
 7 39 41
 7 40 37
 7 41 43
 7 42 41
 7 43 39
 7 44 42
 7 45 38
 7 46 44
 7 47 41
 7 48 37
 7 49 39
 7 50 43
 7 51 39
 7 52 40
 7 53 42
 7 54 45
 7 55 39
 7 56 42
 7 57 44
 7 58 45
 7 59 39
 7 60 43
 7 61 5
 7 62 9
 7 63 5
 7 64 5
 7 65 3
 7 66 4
 7 67 9
 7 68 5
 7 69 2
 7 70 8
 7 71 2
 7 72 1
 7 73 5
 7 74 2
 7 75 3
 7 76 9
 7 77 2
 7 78 6
 7 79 8
 7 80 2
 7 81 6
 7 82 5
 7 83 8
 7 84 5
 7 85 8
 7 86 8
 7 87 1
 7 88 4
 7 89 2
 7 90 6
 7 91 8
 7 92 3
 7 93 1
 7 94 1
 7 95 3
 7 96 2
 7 97 4
 7 98 2
 7 99 9
 7 100 3
 7 101 2
 7 102 1
 7 103 6
 7 104 5
 7 105 9
 7 106 5
 7 107 3
 7 108 9
 7 109 2
 7 110 7
 7 111 2
 7 112 9
 7 113 7
 7 114 7
 7 115 1
 7 116 8
 7 117 1
 7 118 7
 7 119 4
 7 120 7
 8 9 40
 8 10 43
 8 11 41
 8 12 42
 8 13 45
 8 14 45
 8 15 43
 8 16 41
 8 17 45
 8 18 40
 8 19 42
 8 20 37
 8 21 44
 8 22 44
 8 23 43
 8 24 43
 8 25 44
 8 26 44
 8 27 45
 8 28 43
 8 29 39
 8 30 39
 8 31 43
 8 32 45
 8 33 45
 8 34 38
 8 35 44
 8 36 38
 8 37 39
 8 38 40
 8 39 42
 8 40 45
 8 41 45
 8 42 43
 8 43 37
 8 44 43
 8 45 45
 8 46 41
 8 47 38
 8 48 39
 8 49 45
 8 50 42
 8 51 43
 8 52 45
 8 53 45
 8 54 40
 8 55 39
 8 56 42
 8 57 42
 8 58 42
 8 59 44
 8 60 39
 8 61 7
 8 62 6
 8 63 4
 8 64 1
 8 65 1
 8 66 8
 8 67 2
 8 68 9
 8 69 5
 8 70 5
 8 71 6
 8 72 8
 8 73 8
 8 74 7
 8 75 7
 8 76 5
 8 77 8
 8 78 3
 8 79 3
 8 80 4
 8 81 5
 8 82 9
 8 83 2
 8 84 2
 8 85 7
 8 86 1
 8 87 5
 8 88 7
 8 89 4
 8 90 2
 8 91 8
 8 92 7
 8 93 2
 8 94 3
 8 95 4
 8 96 4
 8 97 5
 8 98 6
 8 99 6
 8 100 4
 8 101 7
 8 102 4
 8 103 4
 8 104 6
 8 105 3
 8 106 6
 8 107 9
 8 108 8
 8 109 5
 8 110 5
 8 111 1
 8 112 5
 8 113 4
 8 114 4
 8 115 8
 8 116 8
 8 117 8
 8 118 2
 8 119 6
 8 120 9
 9 10 41
 9 11 37
 9 12 38
 9 13 40
 9 14 40
 9 15 45
 9 16 38
 9 17 40
 9 18 43
 9 19 39
 9 20 45
 9 21 39
 9 22 44
 9 23 42
 9 24 41
 9 25 39
 9 26 37
 9 27 39
 9 28 39
 9 29 40
 9 30 38
 9 31 43
 9 32 41
 9 33 40
 9 34 41
 9 35 38
 9 36 41
 9 37 44
 9 38 39
 9 39 42
 9 40 43
 9 41 45
 9 42 37
 9 43 45
 9 44 40
 9 45 41
 9 46 41
 9 47 37
 9 48 45
 9 49 37
 9 50 42
 9 51 41
 9 52 42
 9 53 37
 9 54 39
 9 55 41
 9 56 37
 9 57 45
 9 58 38
 9 59 41
 9 60 43
 9 61 2
 9 62 2
 9 63 5
 9 64 6
 9 65 4
 9 66 5
 9 67 7
 9 68 4
 9 69 9
 9 70 4
 9 71 3
 9 72 2
 9 73 3
 9 74 4
 9 75 2
 9 76 3
 9 77 7
 9 78 2
 9 79 4
 9 80 3
 9 81 6
 9 82 7
 9 83 6
 9 84 8
 9 85 5
 9 86 6
 9 87 4
 9 88 1
 9 89 1
 9 90 3
 9 91 2
 9 92 9
 9 93 1
 9 94 7
 9 95 7
 9 96 4
 9 97 2
 9 98 3
 9 99 3
 9 100 3
 9 101 2
 9 102 7
 9 103 1
 9 104 8
 9 105 8
 9 106 7
 9 107 6
 9 108 4
 9 109 3
 9 110 5
 9 111 5
 9 112 6
 9 113 7
 9 114 9
 9 115 4
 9 116 9
 9 117 7
 9 118 6
 9 119 8
 9 120 7
 10 11 38
 10 12 43
 10 13 42
 10 14 44
 10 15 44
 10 16 40
 10 17 45
 10 18 44
 10 19 42
 10 20 45
 10 21 44
 10 22 38
 10 23 41
 10 24 45
 10 25 41
 10 26 38
 10 27 42
 10 28 41
 10 29 39
 10 30 39
 10 31 43
 10 32 38
 10 33 42
 10 34 42
 10 35 37
 10 36 40
 10 37 45
 10 38 43
 10 39 39
 10 40 42
 10 41 45
 10 42 37
 10 43 42
 10 44 45
 10 45 45
 10 46 42
 10 47 38
 10 48 44
 10 49 43
 10 50 44
 10 51 45
 10 52 43
 10 53 42
 10 54 40
 10 55 45
 10 56 40
 10 57 39
 10 58 43
 10 59 37
 10 60 39
 10 61 3
 10 62 6
 10 63 1
 10 64 7
 10 65 4
 10 66 8
 10 67 3
 10 68 8
 10 69 4
 10 70 7
 10 71 1
 10 72 3
 10 73 9
 10 74 7
 10 75 4
 10 76 4
 10 77 7
 10 78 7
 10 79 8
 10 80 8
 10 81 8
 10 82 9
 10 83 8
 10 84 6
 10 85 3
 10 86 3
 10 87 3
 10 88 4
 10 89 4
 10 90 6
 10 91 8
 10 92 1
 10 93 7
 10 94 7
 10 95 3
 10 96 7
 10 97 5
 10 98 9
 10 99 3
 10 100 9
 10 101 5
 10 102 4
 10 103 6
 10 104 7
 10 105 9
 10 106 7
 10 107 3
 10 108 7
 10 109 1
 10 110 2
 10 111 1
 10 112 5
 10 113 1
 10 114 5
 10 115 1
 10 116 2
 10 117 8
 10 118 3
 10 119 7
 10 120 6
 11 12 40
 11 13 39
 11 14 44
 11 15 41
 11 16 42
 11 17 37
 11 18 37
 11 19 43
 11 20 38
 11 21 41
 11 22 44
 11 23 40
 11 24 37
 11 25 40
 11 26 37
 11 27 42
 11 28 43
 11 29 37
 11 30 39
 11 31 45
 11 32 43
 11 33 43
 11 34 41
 11 35 44
 11 36 39
 11 37 45
 11 38 43
 11 39 39
 11 40 38
 11 41 39
 11 42 45
 11 43 44
 11 44 44
 11 45 42
 11 46 37
 11 47 44
 11 48 37
 11 49 44
 11 50 37
 11 51 39
 11 52 43
 11 53 45
 11 54 41
 11 55 40
 11 56 38
 11 57 43
 11 58 39
 11 59 40
 11 60 38
 11 61 6
 11 62 1
 11 63 2
 11 64 9
 11 65 6
 11 66 2
 11 67 5
 11 68 3
 11 69 8
 11 70 6
 11 71 7
 11 72 9
 11 73 6
 11 74 6
 11 75 6
 11 76 8
 11 77 8
 11 78 6
 11 79 7
 11 80 6
 11 81 5
 11 82 6
 11 83 6
 11 84 4
 11 85 5
 11 86 9
 11 87 2
 11 88 1
 11 89 4
 11 90 5
 11 91 6
 11 92 4
 11 93 4
 11 94 9
 11 95 7
 11 96 6
 11 97 6
 11 98 5
 11 99 2
 11 100 1
 11 101 4
 11 102 8
 11 103 1
 11 104 7
 11 105 1
 11 106 8
 11 107 2
 11 108 7
 11 109 6
 11 110 2
 11 111 8
 11 112 9
 11 113 5
 11 114 1
 11 115 9
 11 116 7
 11 117 9
 11 118 2
 11 119 9
 11 120 1
 12 13 43
 12 14 40
 12 15 41
 12 16 42
 12 17 44
 12 18 42
 12 19 41
 12 20 40
 12 21 43
 12 22 42
 12 23 38
 12 24 44
 12 25 45
 12 26 42
 12 27 44
 12 28 40
 12 29 40
 12 30 40
 12 31 37
 12 32 40
 12 33 43
 12 34 44
 12 35 39
 12 36 45
 12 37 39
 12 38 41
 12 39 43
 12 40 45
 12 41 44
 12 42 44
 12 43 45
 12 44 40
 12 45 44
 12 46 43
 12 47 40
 12 48 37
 12 49 43
 12 50 44
 12 51 44
 12 52 43
 12 53 40
 12 54 39
 12 55 44
 12 56 43
 12 57 40
 12 58 44
 12 59 45
 12 60 44
 12 61 2
 12 62 7
 12 63 1
 12 64 3
 12 65 2
 12 66 6
 12 67 1
 12 68 2
 12 69 1
 12 70 2
 12 71 7
 12 72 7
 12 73 7
 12 74 7
 12 75 3
 12 76 2
 12 77 1
 12 78 2
 12 79 2
 12 80 9
 12 81 2
 12 82 9
 12 83 7
 12 84 3
 12 85 7
 12 86 5
 12 87 6
 12 88 3
 12 89 1
 12 90 6
 12 91 4
 12 92 7
 12 93 6
 12 94 1
 12 95 3
 12 96 9
 12 97 2
 12 98 5
 12 99 3
 12 100 8
 12 101 6
 12 102 6
 12 103 6
 12 104 5
 12 105 7
 12 106 1
 12 107 8
 12 108 7
 12 109 8
 12 110 5
 12 111 3
 12 112 7
 12 113 7
 12 114 4
 12 115 3
 12 116 6
 12 117 2
 12 118 9
 12 119 1
 12 120 7
 13 14 43
 13 15 45
 13 16 42
 13 17 45
 13 18 44
 13 19 45
 13 20 38
 13 21 42
 13 22 38
 13 23 37
 13 24 38
 13 25 37
 13 26 45
 13 27 41
 13 28 45
 13 29 44
 13 30 41
 13 31 42
 13 32 43
 13 33 39
 13 34 37
 13 35 43
 13 36 40
 13 37 44
 13 38 37
 13 39 38
 13 40 38
 13 41 37
 13 42 42
 13 43 44
 13 44 42
 13 45 43
 13 46 44
 13 47 44
 13 48 42
 13 49 37
 13 50 42
 13 51 39
 13 52 44
 13 53 40
 13 54 45
 13 55 38
 13 56 44
 13 57 38
 13 58 39
 13 59 41
 13 60 39
 13 61 7
 13 62 5
 13 63 9
 13 64 5
 13 65 4
 13 66 1
 13 67 8
 13 68 9
 13 69 8
 13 70 2
 13 71 7
 13 72 6
 13 73 1
 13 74 5
 13 75 3
 13 76 7
 13 77 1
 13 78 9
 13 79 2
 13 80 3
 13 81 3
 13 82 5
 13 83 2
 13 84 5
 13 85 5
 13 86 9
 13 87 1
 13 88 7
 13 89 2
 13 90 5
 13 91 7
 13 92 4
 13 93 5
 13 94 1
 13 95 5
 13 96 9
 13 97 9
 13 98 8
 13 99 5
 13 100 3
 13 101 4
 13 102 6
 13 103 5
 13 104 7
 13 105 8
 13 106 6
 13 107 9
 13 108 4
 13 109 1
 13 110 1
 13 111 1
 13 112 4
 13 113 8
 13 114 5
 13 115 8
 13 116 6
 13 117 5
 13 118 9
 13 119 4
 13 120 7
 14 15 43
 14 16 41
 14 17 41
 14 18 42
 14 19 44
 14 20 39
 14 21 42
 14 22 43
 14 23 45
 14 24 45
 14 25 44
 14 26 45
 14 27 43
 14 28 43
 14 29 37
 14 30 44
 14 31 45
 14 32 45
 14 33 44
 14 34 43
 14 35 38
 14 36 40
 14 37 43
 14 38 37
 14 39 42
 14 40 44
 14 41 43
 14 42 41
 14 43 38
 14 44 40
 14 45 38
 14 46 42
 14 47 41
 14 48 45
 14 49 40
 14 50 38
 14 51 41
 14 52 39
 14 53 44
 14 54 41
 14 55 38
 14 56 37
 14 57 42
 14 58 37
 14 59 42
 14 60 43
 14 61 9
 14 62 6
 14 63 7
 14 64 3
 14 65 5
 14 66 7
 14 67 8
 14 68 4
 14 69 2
 14 70 1
 14 71 7
 14 72 1
 14 73 4
 14 74 8
 14 75 2
 14 76 9
 14 77 4
 14 78 5
 14 79 2
 14 80 5
 14 81 1
 14 82 8
 14 83 7
 14 84 6
 14 85 4
 14 86 9
 14 87 9
 14 88 6
 14 89 7
 14 90 7
 14 91 2
 14 92 6
 14 93 7
 14 94 9
 14 95 4
 14 96 1
 14 97 4
 14 98 4
 14 99 7
 14 100 4
 14 101 6
 14 102 7
 14 103 7
 14 104 8
 14 105 8
 14 106 4
 14 107 9
 14 108 4
 14 109 9
 14 110 8
 14 111 4
 14 112 8
 14 113 3
 14 114 8
 14 115 3
 14 116 5
 14 117 8
 14 118 4
 14 119 7
 14 120 3
 15 16 40
 15 17 41
 15 18 41
 15 19 43
 15 20 43
 15 21 38
 15 22 44
 15 23 45
 15 24 42
 15 25 37
 15 26 40
 15 27 41
 15 28 39
 15 29 43
 15 30 41
 15 31 41
 15 32 45
 15 33 37
 15 34 40
 15 35 39
 15 36 45
 15 37 37
 15 38 45
 15 39 43
 15 40 37
 15 41 40
 15 42 42
 15 43 38
 15 44 40
 15 45 39
 15 46 44
 15 47 38
 15 48 45
 15 49 41
 15 50 37
 15 51 41
 15 52 37
 15 53 41
 15 54 37
 15 55 37
 15 56 37
 15 57 41
 15 58 45
 15 59 44
 15 60 40
 15 61 7
 15 62 5
 15 63 4
 15 64 9
 15 65 1
 15 66 8
 15 67 3
 15 68 9
 15 69 9
 15 70 3
 15 71 4
 15 72 3
 15 73 6
 15 74 7
 15 75 8
 15 76 3
 15 77 9
 15 78 8
 15 79 8
 15 80 4
 15 81 8
 15 82 1
 15 83 7
 15 84 9
 15 85 6
 15 86 2
 15 87 4
 15 88 4
 15 89 9
 15 90 8
 15 91 5
 15 92 6
 15 93 7
 15 94 4
 15 95 5
 15 96 5
 15 97 9
 15 98 2
 15 99 1
 15 100 7
 15 101 2
 15 102 6
 15 103 4
 15 104 9
 15 105 6
 15 106 9
 15 107 4
 15 108 8
 15 109 5
 15 110 5
 15 111 4
 15 112 5
 15 113 9
 15 114 2
 15 115 1
 15 116 2
 15 117 3
 15 118 9
 15 119 4
 15 120 3
 16 17 41
 16 18 44
 16 19 39
 16 20 43
 16 21 44
 16 22 41
 16 23 38
 16 24 38
 16 25 45
 16 26 44
 16 27 42
 16 28 41
 16 29 43
 16 30 45
 16 31 42
 16 32 44
 16 33 37
 16 34 40
 16 35 40
 16 36 45
 16 37 42
 16 38 39
 16 39 41
 16 40 39
 16 41 39
 16 42 41
 16 43 41
 16 44 41
 16 45 45
 16 46 40
 16 47 40
 16 48 42
 16 49 40
 16 50 38
 16 51 41
 16 52 45
 16 53 39
 16 54 39
 16 55 39
 16 56 41
 16 57 42
 16 58 43
 16 59 37
 16 60 45
 16 61 2
 16 62 5
 16 63 6
 16 64 8
 16 65 7
 16 66 1
 16 67 4
 16 68 2
 16 69 2
 16 70 1
 16 71 7
 16 72 4
 16 73 2
 16 74 4
 16 75 5
 16 76 6
 16 77 2
 16 78 9
 16 79 1
 16 80 5
 16 81 3
 16 82 6
 16 83 6
 16 84 7
 16 85 1
 16 86 1
 16 87 1
 16 88 9
 16 89 4
 16 90 3
 16 91 5
 16 92 6
 16 93 3
 16 94 9
 16 95 2
 16 96 1
 16 97 2
 16 98 5
 16 99 4
 16 100 6
 16 101 1
 16 102 3
 16 103 1
 16 104 9
 16 105 5
 16 106 3
 16 107 2
 16 108 4
 16 109 5
 16 110 3
 16 111 6
 16 112 1
 16 113 3
 16 114 2
 16 115 3
 16 116 5
 16 117 2
 16 118 1
 16 119 8
 16 120 7
 17 18 42
 17 19 41
 17 20 42
 17 21 41
 17 22 38
 17 23 42
 17 24 38
 17 25 38
 17 26 44
 17 27 40
 17 28 38
 17 29 40
 17 30 43
 17 31 38
 17 32 39
 17 33 41
 17 34 41
 17 35 37
 17 36 41
 17 37 40
 17 38 41
 17 39 45
 17 40 38
 17 41 38
 17 42 43
 17 43 43
 17 44 39
 17 45 39
 17 46 45
 17 47 38
 17 48 37
 17 49 42
 17 50 44
 17 51 44
 17 52 38
 17 53 44
 17 54 42
 17 55 42
 17 56 38
 17 57 38
 17 58 41
 17 59 43
 17 60 42
 17 61 2
 17 62 2
 17 63 3
 17 64 4
 17 65 5
 17 66 1
 17 67 2
 17 68 1
 17 69 4
 17 70 2
 17 71 8
 17 72 9
 17 73 9
 17 74 4
 17 75 5
 17 76 5
 17 77 9
 17 78 9
 17 79 4
 17 80 9
 17 81 7
 17 82 6
 17 83 3
 17 84 2
 17 85 6
 17 86 3
 17 87 7
 17 88 5
 17 89 8
 17 90 4
 17 91 3
 17 92 2
 17 93 1
 17 94 4
 17 95 7
 17 96 2
 17 97 5
 17 98 6
 17 99 7
 17 100 6
 17 101 6
 17 102 1
 17 103 3
 17 104 5
 17 105 7
 17 106 8
 17 107 9
 17 108 3
 17 109 2
 17 110 5
 17 111 7
 17 112 5
 17 113 2
 17 114 7
 17 115 9
 17 116 6
 17 117 3
 17 118 9
 17 119 5
 17 120 5
 18 19 41
 18 20 37
 18 21 43
 18 22 41
 18 23 43
 18 24 45
 18 25 41
 18 26 42
 18 27 37
 18 28 38
 18 29 44
 18 30 37
 18 31 45
 18 32 42
 18 33 37
 18 34 37
 18 35 44
 18 36 37
 18 37 39
 18 38 45
 18 39 42
 18 40 41
 18 41 41
 18 42 39
 18 43 43
 18 44 42
 18 45 39
 18 46 37
 18 47 44
 18 48 42
 18 49 44
 18 50 41
 18 51 37
 18 52 38
 18 53 44
 18 54 44
 18 55 43
 18 56 38
 18 57 38
 18 58 38
 18 59 39
 18 60 38
 18 61 1
 18 62 8
 18 63 8
 18 64 3
 18 65 3
 18 66 5
 18 67 5
 18 68 5
 18 69 2
 18 70 2
 18 71 7
 18 72 2
 18 73 4
 18 74 2
 18 75 7
 18 76 3
 18 77 1
 18 78 8
 18 79 2
 18 80 7
 18 81 8
 18 82 3
 18 83 5
 18 84 3
 18 85 7
 18 86 4
 18 87 5
 18 88 6
 18 89 1
 18 90 5
 18 91 2
 18 92 4
 18 93 9
 18 94 4
 18 95 7
 18 96 2
 18 97 3
 18 98 6
 18 99 6
 18 100 7
 18 101 8
 18 102 4
 18 103 2
 18 104 2
 18 105 5
 18 106 9
 18 107 1
 18 108 7
 18 109 8
 18 110 7
 18 111 9
 18 112 2
 18 113 9
 18 114 7
 18 115 3
 18 116 9
 18 117 7
 18 118 5
 18 119 6
 18 120 2
 19 20 41
 19 21 44
 19 22 41
 19 23 38
 19 24 39
 19 25 44
 19 26 44
 19 27 39
 19 28 39
 19 29 40
 19 30 40
 19 31 37
 19 32 43
 19 33 37
 19 34 37
 19 35 45
 19 36 42
 19 37 37
 19 38 37
 19 39 40
 19 40 41
 19 41 41
 19 42 37
 19 43 38
 19 44 38
 19 45 42
 19 46 45
 19 47 40
 19 48 45
 19 49 45
 19 50 41
 19 51 43
 19 52 40
 19 53 37
 19 54 40
 19 55 41
 19 56 38
 19 57 45
 19 58 38
 19 59 45
 19 60 40
 19 61 3
 19 62 6
 19 63 4
 19 64 4
 19 65 8
 19 66 8
 19 67 7
 19 68 2
 19 69 1
 19 70 3
 19 71 9
 19 72 8
 19 73 9
 19 74 6
 19 75 5
 19 76 6
 19 77 9
 19 78 4
 19 79 3
 19 80 2
 19 81 9
 19 82 4
 19 83 7
 19 84 7
 19 85 7
 19 86 4
 19 87 1
 19 88 8
 19 89 7
 19 90 2
 19 91 4
 19 92 1
 19 93 4
 19 94 2
 19 95 6
 19 96 4
 19 97 1
 19 98 6
 19 99 6
 19 100 6
 19 101 3
 19 102 9
 19 103 6
 19 104 6
 19 105 9
 19 106 2
 19 107 7
 19 108 1
 19 109 1
 19 110 4
 19 111 4
 19 112 6
 19 113 7
 19 114 1
 19 115 5
 19 116 4
 19 117 1
 19 118 2
 19 119 9
 19 120 2
 20 21 44
 20 22 37
 20 23 44
 20 24 38
 20 25 39
 20 26 39
 20 27 37
 20 28 38
 20 29 38
 20 30 40
 20 31 38
 20 32 43
 20 33 39
 20 34 40
 20 35 41
 20 36 37
 20 37 40
 20 38 42
 20 39 39
 20 40 40
 20 41 41
 20 42 44
 20 43 39
 20 44 40
 20 45 37
 20 46 38
 20 47 41
 20 48 38
 20 49 43
 20 50 39
 20 51 44
 20 52 43
 20 53 39
 20 54 43
 20 55 41
 20 56 41
 20 57 42
 20 58 37
 20 59 43
 20 60 44
 20 61 2
 20 62 1
 20 63 2
 20 64 2
 20 65 7
 20 66 2
 20 67 8
 20 68 6
 20 69 5
 20 70 8
 20 71 9
 20 72 9
 20 73 1
 20 74 7
 20 75 6
 20 76 3
 20 77 5
 20 78 6
 20 79 7
 20 80 4
 20 81 8
 20 82 5
 20 83 5
 20 84 5
 20 85 3
 20 86 9
 20 87 4
 20 88 8
 20 89 5
 20 90 7
 20 91 9
 20 92 3
 20 93 6
 20 94 8
 20 95 5
 20 96 3
 20 97 3
 20 98 1
 20 99 4
 20 100 1
 20 101 9
 20 102 5
 20 103 8
 20 104 3
 20 105 9
 20 106 4
 20 107 5
 20 108 9
 20 109 7
 20 110 5
 20 111 1
 20 112 5
 20 113 5
 20 114 6
 20 115 9
 20 116 4
 20 117 1
 20 118 5
 20 119 6
 20 120 7
 21 22 41
 21 23 45
 21 24 41
 21 25 41
 21 26 44
 21 27 39
 21 28 40
 21 29 45
 21 30 44
 21 31 39
 21 32 41
 21 33 43
 21 34 44
 21 35 37
 21 36 42
 21 37 45
 21 38 41
 21 39 42
 21 40 42
 21 41 43
 21 42 39
 21 43 41
 21 44 37
 21 45 38
 21 46 40
 21 47 41
 21 48 44
 21 49 40
 21 50 43
 21 51 38
 21 52 39
 21 53 37
 21 54 40
 21 55 38
 21 56 39
 21 57 41
 21 58 45
 21 59 40
 21 60 38
 21 61 9
 21 62 5
 21 63 5
 21 64 6
 21 65 4
 21 66 9
 21 67 3
 21 68 5
 21 69 8
 21 70 3
 21 71 6
 21 72 3
 21 73 4
 21 74 7
 21 75 9
 21 76 7
 21 77 2
 21 78 4
 21 79 5
 21 80 5
 21 81 7
 21 82 1
 21 83 5
 21 84 9
 21 85 9
 21 86 7
 21 87 3
 21 88 3
 21 89 8
 21 90 2
 21 91 9
 21 92 3
 21 93 1
 21 94 7
 21 95 6
 21 96 9
 21 97 1
 21 98 8
 21 99 6
 21 100 2
 21 101 3
 21 102 8
 21 103 7
 21 104 1
 21 105 5
 21 106 4
 21 107 4
 21 108 6
 21 109 5
 21 110 8
 21 111 7
 21 112 3
 21 113 2
 21 114 9
 21 115 3
 21 116 9
 21 117 6
 21 118 8
 21 119 9
 21 120 4
 22 23 41
 22 24 39
 22 25 39
 22 26 38
 22 27 43
 22 28 37
 22 29 41
 22 30 42
 22 31 41
 22 32 40
 22 33 45
 22 34 43
 22 35 37
 22 36 40
 22 37 41
 22 38 40
 22 39 45
 22 40 39
 22 41 41
 22 42 40
 22 43 41
 22 44 39
 22 45 37
 22 46 43
 22 47 43
 22 48 38
 22 49 37
 22 50 42
 22 51 37
 22 52 40
 22 53 44
 22 54 38
 22 55 44
 22 56 45
 22 57 38
 22 58 42
 22 59 38
 22 60 42
 22 61 9
 22 62 4
 22 63 7
 22 64 1
 22 65 6
 22 66 6
 22 67 4
 22 68 1
 22 69 5
 22 70 8
 22 71 6
 22 72 9
 22 73 2
 22 74 9
 22 75 1
 22 76 7
 22 77 2
 22 78 6
 22 79 6
 22 80 9
 22 81 7
 22 82 5
 22 83 6
 22 84 6
 22 85 4
 22 86 3
 22 87 9
 22 88 2
 22 89 7
 22 90 7
 22 91 4
 22 92 9
 22 93 3
 22 94 9
 22 95 8
 22 96 4
 22 97 5
 22 98 7
 22 99 6
 22 100 5
 22 101 7
 22 102 7
 22 103 7
 22 104 8
 22 105 3
 22 106 3
 22 107 3
 22 108 9
 22 109 8
 22 110 2
 22 111 8
 22 112 5
 22 113 3
 22 114 8
 22 115 6
 22 116 5
 22 117 5
 22 118 9
 22 119 7
 22 120 5
 23 24 37
 23 25 37
 23 26 39
 23 27 39
 23 28 38
 23 29 44
 23 30 43
 23 31 44
 23 32 40
 23 33 44
 23 34 43
 23 35 37
 23 36 39
 23 37 45
 23 38 40
 23 39 45
 23 40 44
 23 41 41
 23 42 41
 23 43 41
 23 44 41
 23 45 45
 23 46 41
 23 47 45
 23 48 41
 23 49 40
 23 50 41
 23 51 37
 23 52 44
 23 53 41
 23 54 45
 23 55 42
 23 56 45
 23 57 41
 23 58 40
 23 59 42
 23 60 44
 23 61 3
 23 62 1
 23 63 5
 23 64 2
 23 65 3
 23 66 4
 23 67 3
 23 68 3
 23 69 2
 23 70 9
 23 71 1
 23 72 9
 23 73 2
 23 74 1
 23 75 9
 23 76 4
 23 77 9
 23 78 5
 23 79 3
 23 80 9
 23 81 3
 23 82 1
 23 83 8
 23 84 1
 23 85 5
 23 86 3
 23 87 6
 23 88 2
 23 89 2
 23 90 8
 23 91 5
 23 92 8
 23 93 8
 23 94 1
 23 95 8
 23 96 3
 23 97 8
 23 98 4
 23 99 8
 23 100 7
 23 101 1
 23 102 3
 23 103 3
 23 104 5
 23 105 4
 23 106 2
 23 107 3
 23 108 7
 23 109 8
 23 110 8
 23 111 8
 23 112 3
 23 113 4
 23 114 7
 23 115 1
 23 116 1
 23 117 9
 23 118 3
 23 119 4
 23 120 9
 24 25 38
 24 26 41
 24 27 37
 24 28 41
 24 29 37
 24 30 42
 24 31 43
 24 32 37
 24 33 40
 24 34 45
 24 35 43
 24 36 44
 24 37 42
 24 38 45
 24 39 43
 24 40 39
 24 41 38
 24 42 45
 24 43 40
 24 44 45
 24 45 41
 24 46 38
 24 47 42
 24 48 38
 24 49 40
 24 50 38
 24 51 44
 24 52 39
 24 53 42
 24 54 38
 24 55 42
 24 56 40
 24 57 39
 24 58 39
 24 59 41
 24 60 39
 24 61 4
 24 62 6
 24 63 7
 24 64 3
 24 65 8
 24 66 7
 24 67 7
 24 68 1
 24 69 6
 24 70 8
 24 71 7
 24 72 7
 24 73 3
 24 74 2
 24 75 8
 24 76 9
 24 77 2
 24 78 4
 24 79 7
 24 80 3
 24 81 1
 24 82 7
 24 83 4
 24 84 9
 24 85 9
 24 86 7
 24 87 9
 24 88 7
 24 89 2
 24 90 6
 24 91 4
 24 92 7
 24 93 8
 24 94 1
 24 95 6
 24 96 6
 24 97 1
 24 98 7
 24 99 4
 24 100 2
 24 101 1
 24 102 6
 24 103 1
 24 104 5
 24 105 3
 24 106 2
 24 107 7
 24 108 1
 24 109 3
 24 110 8
 24 111 7
 24 112 7
 24 113 1
 24 114 9
 24 115 8
 24 116 9
 24 117 9
 24 118 5
 24 119 9
 24 120 2
 25 26 42
 25 27 41
 25 28 39
 25 29 38
 25 30 40
 25 31 43
 25 32 37
 25 33 39
 25 34 41
 25 35 40
 25 36 41
 25 37 40
 25 38 42
 25 39 39
 25 40 38
 25 41 40
 25 42 41
 25 43 43
 25 44 44
 25 45 42
 25 46 45
 25 47 39
 25 48 43
 25 49 37
 25 50 39
 25 51 40
 25 52 37
 25 53 40
 25 54 37
 25 55 45
 25 56 45
 25 57 40
 25 58 38
 25 59 43
 25 60 45
 25 61 2
 25 62 7
 25 63 6
 25 64 4
 25 65 4
 25 66 4
 25 67 4
 25 68 3
 25 69 6
 25 70 8
 25 71 7
 25 72 3
 25 73 2
 25 74 6
 25 75 9
 25 76 5
 25 77 5
 25 78 6
 25 79 1
 25 80 2
 25 81 5
 25 82 8
 25 83 1
 25 84 6
 25 85 8
 25 86 6
 25 87 7
 25 88 2
 25 89 5
 25 90 1
 25 91 5
 25 92 6
 25 93 6
 25 94 9
 25 95 9
 25 96 4
 25 97 6
 25 98 5
 25 99 8
 25 100 7
 25 101 8
 25 102 9
 25 103 6
 25 104 5
 25 105 7
 25 106 7
 25 107 7
 25 108 1
 25 109 8
 25 110 6
 25 111 5
 25 112 4
 25 113 8
 25 114 3
 25 115 9
 25 116 6
 25 117 4
 25 118 8
 25 119 3
 25 120 9
 26 27 37
 26 28 41
 26 29 39
 26 30 43
 26 31 43
 26 32 45
 26 33 40
 26 34 38
 26 35 39
 26 36 44
 26 37 37
 26 38 39
 26 39 43
 26 40 38
 26 41 42
 26 42 42
 26 43 43
 26 44 41
 26 45 45
 26 46 42
 26 47 43
 26 48 45
 26 49 41
 26 50 45
 26 51 39
 26 52 39
 26 53 37
 26 54 40
 26 55 37
 26 56 45
 26 57 37
 26 58 40
 26 59 38
 26 60 40
 26 61 8
 26 62 4
 26 63 8
 26 64 8
 26 65 6
 26 66 7
 26 67 1
 26 68 2
 26 69 3
 26 70 2
 26 71 1
 26 72 1
 26 73 6
 26 74 5
 26 75 8
 26 76 8
 26 77 7
 26 78 3
 26 79 3
 26 80 2
 26 81 9
 26 82 8
 26 83 3
 26 84 7
 26 85 8
 26 86 5
 26 87 8
 26 88 1
 26 89 7
 26 90 1
 26 91 7
 26 92 9
 26 93 7
 26 94 2
 26 95 4
 26 96 7
 26 97 7
 26 98 9
 26 99 3
 26 100 4
 26 101 5
 26 102 8
 26 103 4
 26 104 8
 26 105 5
 26 106 6
 26 107 4
 26 108 9
 26 109 4
 26 110 5
 26 111 4
 26 112 4
 26 113 5
 26 114 4
 26 115 1
 26 116 6
 26 117 3
 26 118 3
 26 119 4
 26 120 9
 27 28 40
 27 29 43
 27 30 38
 27 31 39
 27 32 41
 27 33 41
 27 34 42
 27 35 39
 27 36 43
 27 37 44
 27 38 45
 27 39 44
 27 40 44
 27 41 44
 27 42 37
 27 43 41
 27 44 42
 27 45 41
 27 46 44
 27 47 38
 27 48 37
 27 49 43
 27 50 44
 27 51 37
 27 52 41
 27 53 39
 27 54 43
 27 55 39
 27 56 43
 27 57 41
 27 58 44
 27 59 43
 27 60 42
 27 61 2
 27 62 6
 27 63 6
 27 64 3
 27 65 7
 27 66 8
 27 67 6
 27 68 9
 27 69 7
 27 70 3
 27 71 2
 27 72 6
 27 73 7
 27 74 1
 27 75 3
 27 76 8
 27 77 8
 27 78 2
 27 79 4
 27 80 1
 27 81 2
 27 82 5
 27 83 3
 27 84 3
 27 85 6
 27 86 3
 27 87 5
 27 88 6
 27 89 2
 27 90 8
 27 91 6
 27 92 6
 27 93 8
 27 94 1
 27 95 2
 27 96 2
 27 97 5
 27 98 1
 27 99 5
 27 100 9
 27 101 2
 27 102 2
 27 103 3
 27 104 8
 27 105 9
 27 106 7
 27 107 3
 27 108 5
 27 109 5
 27 110 6
 27 111 6
 27 112 2
 27 113 7
 27 114 6
 27 115 5
 27 116 3
 27 117 7
 27 118 2
 27 119 4
 27 120 8
 28 29 39
 28 30 40
 28 31 43
 28 32 44
 28 33 41
 28 34 45
 28 35 38
 28 36 37
 28 37 44
 28 38 38
 28 39 41
 28 40 42
 28 41 39
 28 42 43
 28 43 41
 28 44 44
 28 45 43
 28 46 38
 28 47 43
 28 48 39
 28 49 42
 28 50 45
 28 51 42
 28 52 37
 28 53 45
 28 54 39
 28 55 44
 28 56 39
 28 57 42
 28 58 42
 28 59 37
 28 60 38
 28 61 9
 28 62 4
 28 63 4
 28 64 7
 28 65 7
 28 66 5
 28 67 5
 28 68 9
 28 69 1
 28 70 9
 28 71 3
 28 72 2
 28 73 2
 28 74 8
 28 75 4
 28 76 1
 28 77 5
 28 78 1
 28 79 8
 28 80 2
 28 81 6
 28 82 9
 28 83 8
 28 84 7
 28 85 9
 28 86 6
 28 87 6
 28 88 1
 28 89 9
 28 90 1
 28 91 4
 28 92 7
 28 93 1
 28 94 6
 28 95 5
 28 96 4
 28 97 1
 28 98 6
 28 99 2
 28 100 2
 28 101 4
 28 102 3
 28 103 4
 28 104 4
 28 105 8
 28 106 9
 28 107 4
 28 108 3
 28 109 9
 28 110 7
 28 111 2
 28 112 1
 28 113 2
 28 114 6
 28 115 3
 28 116 3
 28 117 9
 28 118 9
 28 119 7
 28 120 5
 29 30 40
 29 31 41
 29 32 45
 29 33 37
 29 34 42
 29 35 43
 29 36 38
 29 37 37
 29 38 42
 29 39 41
 29 40 43
 29 41 43
 29 42 39
 29 43 39
 29 44 38
 29 45 39
 29 46 41
 29 47 41
 29 48 43
 29 49 39
 29 50 40
 29 51 40
 29 52 39
 29 53 43
 29 54 45
 29 55 44
 29 56 44
 29 57 45
 29 58 40
 29 59 40
 29 60 44
 29 61 7
 29 62 2
 29 63 8
 29 64 9
 29 65 9
 29 66 8
 29 67 5
 29 68 8
 29 69 2
 29 70 9
 29 71 1
 29 72 3
 29 73 5
 29 74 3
 29 75 8
 29 76 6
 29 77 4
 29 78 6
 29 79 2
 29 80 2
 29 81 5
 29 82 4
 29 83 1
 29 84 9
 29 85 7
 29 86 8
 29 87 7
 29 88 7
 29 89 6
 29 90 8
 29 91 6
 29 92 8
 29 93 4
 29 94 1
 29 95 8
 29 96 4
 29 97 7
 29 98 4
 29 99 2
 29 100 5
 29 101 6
 29 102 7
 29 103 3
 29 104 5
 29 105 7
 29 106 6
 29 107 1
 29 108 2
 29 109 4
 29 110 9
 29 111 3
 29 112 7
 29 113 1
 29 114 8
 29 115 8
 29 116 8
 29 117 6
 29 118 8
 29 119 3
 29 120 8
 30 31 45
 30 32 43
 30 33 43
 30 34 37
 30 35 45
 30 36 43
 30 37 42
 30 38 42
 30 39 41
 30 40 44
 30 41 40
 30 42 39
 30 43 42
 30 44 43
 30 45 43
 30 46 38
 30 47 43
 30 48 37
 30 49 41
 30 50 44
 30 51 40
 30 52 41
 30 53 42
 30 54 44
 30 55 44
 30 56 43
 30 57 44
 30 58 38
 30 59 41
 30 60 44
 30 61 1
 30 62 7
 30 63 5
 30 64 2
 30 65 3
 30 66 4
 30 67 7
 30 68 6
 30 69 5
 30 70 7
 30 71 4
 30 72 8
 30 73 5
 30 74 5
 30 75 7
 30 76 8
 30 77 5
 30 78 7
 30 79 3
 30 80 2
 30 81 3
 30 82 1
 30 83 6
 30 84 3
 30 85 7
 30 86 7
 30 87 2
 30 88 5
 30 89 4
 30 90 6
 30 91 6
 30 92 9
 30 93 4
 30 94 3
 30 95 5
 30 96 5
 30 97 8
 30 98 3
 30 99 6
 30 100 7
 30 101 6
 30 102 7
 30 103 5
 30 104 4
 30 105 8
 30 106 5
 30 107 1
 30 108 9
 30 109 7
 30 110 3
 30 111 8
 30 112 5
 30 113 7
 30 114 5
 30 115 9
 30 116 1
 30 117 7
 30 118 6
 30 119 8
 30 120 4
 31 32 40
 31 33 39
 31 34 42
 31 35 37
 31 36 40
 31 37 38
 31 38 42
 31 39 44
 31 40 42
 31 41 37
 31 42 45
 31 43 40
 31 44 38
 31 45 38
 31 46 38
 31 47 37
 31 48 40
 31 49 44
 31 50 39
 31 51 43
 31 52 41
 31 53 38
 31 54 42
 31 55 41
 31 56 44
 31 57 39
 31 58 42
 31 59 37
 31 60 39
 31 61 3
 31 62 4
 31 63 3
 31 64 7
 31 65 7
 31 66 4
 31 67 5
 31 68 4
 31 69 8
 31 70 6
 31 71 7
 31 72 7
 31 73 1
 31 74 7
 31 75 9
 31 76 7
 31 77 4
 31 78 7
 31 79 4
 31 80 3
 31 81 4
 31 82 6
 31 83 8
 31 84 1
 31 85 9
 31 86 9
 31 87 6
 31 88 6
 31 89 8
 31 90 6
 31 91 9
 31 92 1
 31 93 1
 31 94 2
 31 95 3
 31 96 6
 31 97 2
 31 98 4
 31 99 5
 31 100 1
 31 101 7
 31 102 3
 31 103 8
 31 104 3
 31 105 3
 31 106 1
 31 107 8
 31 108 5
 31 109 5
 31 110 8
 31 111 5
 31 112 3
 31 113 6
 31 114 8
 31 115 4
 31 116 1
 31 117 3
 31 118 5
 31 119 7
 31 120 5
 32 33 40
 32 34 44
 32 35 40
 32 36 37
 32 37 43
 32 38 37
 32 39 42
 32 40 45
 32 41 43
 32 42 45
 32 43 42
 32 44 39
 32 45 41
 32 46 38
 32 47 40
 32 48 41
 32 49 38
 32 50 38
 32 51 40
 32 52 41
 32 53 43
 32 54 38
 32 55 45
 32 56 38
 32 57 42
 32 58 37
 32 59 42
 32 60 43
 32 61 1
 32 62 7
 32 63 2
 32 64 5
 32 65 2
 32 66 2
 32 67 7
 32 68 7
 32 69 1
 32 70 9
 32 71 8
 32 72 8
 32 73 3
 32 74 6
 32 75 6
 32 76 3
 32 77 7
 32 78 8
 32 79 9
 32 80 8
 32 81 2
 32 82 2
 32 83 8
 32 84 6
 32 85 5
 32 86 6
 32 87 2
 32 88 9
 32 89 5
 32 90 3
 32 91 9
 32 92 5
 32 93 6
 32 94 1
 32 95 4
 32 96 2
 32 97 6
 32 98 6
 32 99 7
 32 100 1
 32 101 1
 32 102 2
 32 103 6
 32 104 4
 32 105 1
 32 106 9
 32 107 7
 32 108 3
 32 109 7
 32 110 7
 32 111 2
 32 112 9
 32 113 9
 32 114 6
 32 115 3
 32 116 1
 32 117 5
 32 118 6
 32 119 5
 32 120 2
 33 34 40
 33 35 38
 33 36 44
 33 37 45
 33 38 45
 33 39 38
 33 40 37
 33 41 38
 33 42 41
 33 43 41
 33 44 45
 33 45 37
 33 46 45
 33 47 42
 33 48 38
 33 49 37
 33 50 43
 33 51 41
 33 52 39
 33 53 37
 33 54 41
 33 55 39
 33 56 39
 33 57 42
 33 58 37
 33 59 39
 33 60 37
 33 61 6
 33 62 6
 33 63 9
 33 64 4
 33 65 5
 33 66 1
 33 67 3
 33 68 8
 33 69 4
 33 70 8
 33 71 1
 33 72 8
 33 73 1
 33 74 4
 33 75 8
 33 76 6
 33 77 3
 33 78 8
 33 79 4
 33 80 9
 33 81 5
 33 82 4
 33 83 3
 33 84 3
 33 85 4
 33 86 3
 33 87 1
 33 88 7
 33 89 7
 33 90 4
 33 91 3
 33 92 9
 33 93 1
 33 94 4
 33 95 8
 33 96 3
 33 97 1
 33 98 3
 33 99 2
 33 100 5
 33 101 1
 33 102 8
 33 103 8
 33 104 4
 33 105 5
 33 106 2
 33 107 5
 33 108 1
 33 109 5
 33 110 7
 33 111 1
 33 112 2
 33 113 3
 33 114 3
 33 115 9
 33 116 3
 33 117 4
 33 118 3
 33 119 3
 33 120 7
 34 35 45
 34 36 42
 34 37 40
 34 38 39
 34 39 39
 34 40 42
 34 41 44
 34 42 44
 34 43 44
 34 44 40
 34 45 39
 34 46 38
 34 47 42
 34 48 41
 34 49 40
 34 50 39
 34 51 39
 34 52 42
 34 53 41
 34 54 43
 34 55 45
 34 56 39
 34 57 37
 34 58 42
 34 59 45
 34 60 37
 34 61 8
 34 62 6
 34 63 7
 34 64 8
 34 65 7
 34 66 6
 34 67 7
 34 68 4
 34 69 3
 34 70 4
 34 71 4
 34 72 5
 34 73 4
 34 74 5
 34 75 1
 34 76 2
 34 77 5
 34 78 1
 34 79 5
 34 80 8
 34 81 6
 34 82 7
 34 83 2
 34 84 1
 34 85 2
 34 86 9
 34 87 5
 34 88 6
 34 89 6
 34 90 6
 34 91 5
 34 92 2
 34 93 4
 34 94 6
 34 95 6
 34 96 3
 34 97 1
 34 98 7
 34 99 6
 34 100 2
 34 101 1
 34 102 4
 34 103 5
 34 104 9
 34 105 7
 34 106 5
 34 107 6
 34 108 2
 34 109 9
 34 110 2
 34 111 8
 34 112 2
 34 113 6
 34 114 4
 34 115 3
 34 116 9
 34 117 3
 34 118 8
 34 119 1
 34 120 5
 35 36 45
 35 37 40
 35 38 39
 35 39 38
 35 40 42
 35 41 42
 35 42 41
 35 43 45
 35 44 38
 35 45 40
 35 46 41
 35 47 37
 35 48 42
 35 49 40
 35 50 45
 35 51 44
 35 52 40
 35 53 44
 35 54 41
 35 55 41
 35 56 44
 35 57 41
 35 58 44
 35 59 40
 35 60 38
 35 61 6
 35 62 5
 35 63 2
 35 64 9
 35 65 6
 35 66 8
 35 67 5
 35 68 7
 35 69 1
 35 70 3
 35 71 9
 35 72 6
 35 73 5
 35 74 2
 35 75 7
 35 76 3
 35 77 2
 35 78 7
 35 79 2
 35 80 5
 35 81 4
 35 82 2
 35 83 7
 35 84 2
 35 85 9
 35 86 2
 35 87 3
 35 88 7
 35 89 2
 35 90 9
 35 91 3
 35 92 9
 35 93 9
 35 94 1
 35 95 1
 35 96 9
 35 97 2
 35 98 7
 35 99 5
 35 100 9
 35 101 7
 35 102 1
 35 103 2
 35 104 8
 35 105 1
 35 106 3
 35 107 2
 35 108 4
 35 109 4
 35 110 2
 35 111 1
 35 112 5
 35 113 3
 35 114 8
 35 115 5
 35 116 5
 35 117 2
 35 118 9
 35 119 9
 35 120 7
 36 37 45
 36 38 44
 36 39 43
 36 40 38
 36 41 44
 36 42 39
 36 43 41
 36 44 40
 36 45 42
 36 46 37
 36 47 38
 36 48 42
 36 49 40
 36 50 41
 36 51 42
 36 52 41
 36 53 43
 36 54 37
 36 55 44
 36 56 39
 36 57 39
 36 58 37
 36 59 44
 36 60 39
 36 61 1
 36 62 8
 36 63 2
 36 64 3
 36 65 9
 36 66 4
 36 67 3
 36 68 4
 36 69 7
 36 70 6
 36 71 7
 36 72 9
 36 73 7
 36 74 2
 36 75 3
 36 76 3
 36 77 3
 36 78 1
 36 79 8
 36 80 2
 36 81 8
 36 82 2
 36 83 3
 36 84 2
 36 85 9
 36 86 2
 36 87 8
 36 88 8
 36 89 6
 36 90 1
 36 91 1
 36 92 3
 36 93 5
 36 94 9
 36 95 3
 36 96 9
 36 97 5
 36 98 7
 36 99 2
 36 100 8
 36 101 1
 36 102 1
 36 103 3
 36 104 2
 36 105 1
 36 106 4
 36 107 5
 36 108 6
 36 109 3
 36 110 1
 36 111 1
 36 112 8
 36 113 8
 36 114 3
 36 115 8
 36 116 8
 36 117 7
 36 118 7
 36 119 3
 36 120 2
 37 38 45
 37 39 42
 37 40 37
 37 41 42
 37 42 43
 37 43 39
 37 44 43
 37 45 43
 37 46 38
 37 47 45
 37 48 42
 37 49 44
 37 50 44
 37 51 37
 37 52 44
 37 53 42
 37 54 38
 37 55 41
 37 56 45
 37 57 38
 37 58 38
 37 59 38
 37 60 45
 37 61 9
 37 62 3
 37 63 2
 37 64 3
 37 65 2
 37 66 2
 37 67 5
 37 68 3
 37 69 6
 37 70 6
 37 71 3
 37 72 1
 37 73 2
 37 74 1
 37 75 9
 37 76 3
 37 77 9
 37 78 3
 37 79 3
 37 80 9
 37 81 2
 37 82 9
 37 83 8
 37 84 6
 37 85 5
 37 86 3
 37 87 3
 37 88 5
 37 89 8
 37 90 3
 37 91 7
 37 92 1
 37 93 6
 37 94 4
 37 95 4
 37 96 9
 37 97 5
 37 98 7
 37 99 3
 37 100 6
 37 101 1
 37 102 1
 37 103 1
 37 104 5
 37 105 1
 37 106 5
 37 107 6
 37 108 7
 37 109 5
 37 110 9
 37 111 3
 37 112 7
 37 113 7
 37 114 4
 37 115 3
 37 116 4
 37 117 3
 37 118 2
 37 119 5
 37 120 8
 38 39 40
 38 40 38
 38 41 43
 38 42 45
 38 43 43
 38 44 39
 38 45 39
 38 46 43
 38 47 43
 38 48 38
 38 49 45
 38 50 44
 38 51 44
 38 52 38
 38 53 39
 38 54 37
 38 55 38
 38 56 42
 38 57 37
 38 58 39
 38 59 40
 38 60 45
 38 61 7
 38 62 3
 38 63 3
 38 64 2
 38 65 5
 38 66 9
 38 67 3
 38 68 7
 38 69 5
 38 70 3
 38 71 3
 38 72 8
 38 73 3
 38 74 2
 38 75 7
 38 76 6
 38 77 5
 38 78 6
 38 79 2
 38 80 4
 38 81 4
 38 82 7
 38 83 8
 38 84 2
 38 85 9
 38 86 7
 38 87 5
 38 88 7
 38 89 3
 38 90 8
 38 91 9
 38 92 5
 38 93 7
 38 94 2
 38 95 5
 38 96 8
 38 97 5
 38 98 9
 38 99 3
 38 100 3
 38 101 5
 38 102 2
 38 103 4
 38 104 8
 38 105 6
 38 106 5
 38 107 2
 38 108 4
 38 109 9
 38 110 8
 38 111 5
 38 112 9
 38 113 9
 38 114 7
 38 115 6
 38 116 3
 38 117 5
 38 118 2
 38 119 9
 38 120 6
 39 40 44
 39 41 43
 39 42 45
 39 43 39
 39 44 38
 39 45 45
 39 46 38
 39 47 42
 39 48 38
 39 49 45
 39 50 45
 39 51 45
 39 52 45
 39 53 37
 39 54 40
 39 55 40
 39 56 38
 39 57 39
 39 58 44
 39 59 43
 39 60 42
 39 61 5
 39 62 7
 39 63 3
 39 64 3
 39 65 6
 39 66 4
 39 67 5
 39 68 5
 39 69 3
 39 70 1
 39 71 9
 39 72 8
 39 73 9
 39 74 8
 39 75 9
 39 76 6
 39 77 7
 39 78 3
 39 79 8
 39 80 2
 39 81 6
 39 82 9
 39 83 5
 39 84 3
 39 85 3
 39 86 1
 39 87 8
 39 88 9
 39 89 8
 39 90 6
 39 91 5
 39 92 9
 39 93 6
 39 94 5
 39 95 9
 39 96 7
 39 97 5
 39 98 4
 39 99 4
 39 100 5
 39 101 5
 39 102 3
 39 103 8
 39 104 2
 39 105 5
 39 106 1
 39 107 2
 39 108 9
 39 109 7
 39 110 7
 39 111 5
 39 112 4
 39 113 6
 39 114 5
 39 115 3
 39 116 5
 39 117 5
 39 118 3
 39 119 6
 39 120 3
 40 41 37
 40 42 44
 40 43 38
 40 44 40
 40 45 44
 40 46 39
 40 47 44
 40 48 39
 40 49 42
 40 50 41
 40 51 37
 40 52 39
 40 53 43
 40 54 40
 40 55 38
 40 56 39
 40 57 45
 40 58 41
 40 59 40
 40 60 38
 40 61 5
 40 62 2
 40 63 5
 40 64 6
 40 65 5
 40 66 4
 40 67 8
 40 68 6
 40 69 7
 40 70 4
 40 71 2
 40 72 1
 40 73 6
 40 74 8
 40 75 9
 40 76 8
 40 77 3
 40 78 2
 40 79 5
 40 80 2
 40 81 5
 40 82 4
 40 83 2
 40 84 9
 40 85 3
 40 86 4
 40 87 1
 40 88 6
 40 89 3
 40 90 7
 40 91 7
 40 92 3
 40 93 7
 40 94 4
 40 95 7
 40 96 7
 40 97 8
 40 98 7
 40 99 4
 40 100 6
 40 101 6
 40 102 3
 40 103 6
 40 104 3
 40 105 9
 40 106 5
 40 107 9
 40 108 1
 40 109 3
 40 110 9
 40 111 4
 40 112 1
 40 113 7
 40 114 2
 40 115 2
 40 116 1
 40 117 5
 40 118 9
 40 119 7
 40 120 9
 41 42 45
 41 43 44
 41 44 38
 41 45 44
 41 46 44
 41 47 42
 41 48 38
 41 49 37
 41 50 41
 41 51 40
 41 52 40
 41 53 43
 41 54 42
 41 55 42
 41 56 44
 41 57 39
 41 58 43
 41 59 44
 41 60 38
 41 61 3
 41 62 2
 41 63 5
 41 64 9
 41 65 9
 41 66 6
 41 67 3
 41 68 6
 41 69 5
 41 70 5
 41 71 1
 41 72 5
 41 73 4
 41 74 3
 41 75 3
 41 76 4
 41 77 8
 41 78 3
 41 79 9
 41 80 9
 41 81 9
 41 82 6
 41 83 2
 41 84 5
 41 85 9
 41 86 6
 41 87 7
 41 88 7
 41 89 8
 41 90 9
 41 91 7
 41 92 8
 41 93 5
 41 94 8
 41 95 2
 41 96 4
 41 97 4
 41 98 9
 41 99 1
 41 100 4
 41 101 9
 41 102 9
 41 103 8
 41 104 7
 41 105 1
 41 106 7
 41 107 6
 41 108 6
 41 109 3
 41 110 3
 41 111 2
 41 112 9
 41 113 2
 41 114 5
 41 115 2
 41 116 4
 41 117 3
 41 118 5
 41 119 4
 41 120 7
 42 43 44
 42 44 42
 42 45 37
 42 46 42
 42 47 45
 42 48 43
 42 49 43
 42 50 37
 42 51 41
 42 52 45
 42 53 42
 42 54 37
 42 55 37
 42 56 39
 42 57 39
 42 58 39
 42 59 39
 42 60 43
 42 61 8
 42 62 5
 42 63 6
 42 64 5
 42 65 3
 42 66 3
 42 67 6
 42 68 2
 42 69 1
 42 70 1
 42 71 3
 42 72 7
 42 73 5
 42 74 2
 42 75 3
 42 76 5
 42 77 8
 42 78 5
 42 79 9
 42 80 4
 42 81 6
 42 82 2
 42 83 7
 42 84 9
 42 85 8
 42 86 9
 42 87 7
 42 88 9
 42 89 8
 42 90 6
 42 91 1
 42 92 7
 42 93 8
 42 94 4
 42 95 8
 42 96 4
 42 97 4
 42 98 4
 42 99 6
 42 100 3
 42 101 8
 42 102 6
 42 103 9
 42 104 9
 42 105 1
 42 106 8
 42 107 1
 42 108 7
 42 109 6
 42 110 3
 42 111 6
 42 112 4
 42 113 7
 42 114 8
 42 115 8
 42 116 3
 42 117 5
 42 118 2
 42 119 2
 42 120 9
 43 44 41
 43 45 43
 43 46 39
 43 47 44
 43 48 40
 43 49 42
 43 50 45
 43 51 39
 43 52 43
 43 53 37
 43 54 44
 43 55 40
 43 56 45
 43 57 41
 43 58 39
 43 59 38
 43 60 42
 43 61 9
 43 62 9
 43 63 8
 43 64 8
 43 65 2
 43 66 6
 43 67 7
 43 68 7
 43 69 8
 43 70 1
 43 71 9
 43 72 1
 43 73 4
 43 74 2
 43 75 3
 43 76 9
 43 77 4
 43 78 3
 43 79 9
 43 80 9
 43 81 8
 43 82 9
 43 83 8
 43 84 5
 43 85 8
 43 86 9
 43 87 5
 43 88 4
 43 89 9
 43 90 6
 43 91 8
 43 92 5
 43 93 8
 43 94 7
 43 95 7
 43 96 3
 43 97 7
 43 98 2
 43 99 3
 43 100 6
 43 101 1
 43 102 9
 43 103 5
 43 104 2
 43 105 2
 43 106 3
 43 107 6
 43 108 7
 43 109 7
 43 110 7
 43 111 4
 43 112 1
 43 113 6
 43 114 3
 43 115 4
 43 116 2
 43 117 1
 43 118 7
 43 119 4
 43 120 8
 44 45 39
 44 46 37
 44 47 40
 44 48 39
 44 49 41
 44 50 45
 44 51 44
 44 52 44
 44 53 37
 44 54 45
 44 55 39
 44 56 45
 44 57 41
 44 58 41
 44 59 45
 44 60 42
 44 61 9
 44 62 1
 44 63 1
 44 64 4
 44 65 3
 44 66 2
 44 67 2
 44 68 7
 44 69 4
 44 70 1
 44 71 5
 44 72 6
 44 73 1
 44 74 3
 44 75 2
 44 76 8
 44 77 7
 44 78 1
 44 79 8
 44 80 8
 44 81 1
 44 82 6
 44 83 8
 44 84 6
 44 85 2
 44 86 3
 44 87 8
 44 88 3
 44 89 6
 44 90 8
 44 91 7
 44 92 1
 44 93 8
 44 94 2
 44 95 8
 44 96 6
 44 97 9
 44 98 5
 44 99 8
 44 100 2
 44 101 2
 44 102 7
 44 103 2
 44 104 2
 44 105 9
 44 106 6
 44 107 4
 44 108 8
 44 109 4
 44 110 4
 44 111 9
 44 112 5
 44 113 7
 44 114 9
 44 115 4
 44 116 9
 44 117 8
 44 118 9
 44 119 6
 44 120 7
 45 46 45
 45 47 44
 45 48 44
 45 49 38
 45 50 37
 45 51 43
 45 52 37
 45 53 38
 45 54 45
 45 55 39
 45 56 40
 45 57 44
 45 58 43
 45 59 41
 45 60 43
 45 61 8
 45 62 9
 45 63 2
 45 64 4
 45 65 1
 45 66 8
 45 67 9
 45 68 6
 45 69 5
 45 70 9
 45 71 7
 45 72 2
 45 73 3
 45 74 4
 45 75 1
 45 76 3
 45 77 7
 45 78 5
 45 79 9
 45 80 6
 45 81 1
 45 82 8
 45 83 2
 45 84 5
 45 85 6
 45 86 7
 45 87 3
 45 88 8
 45 89 8
 45 90 7
 45 91 3
 45 92 4
 45 93 6
 45 94 2
 45 95 8
 45 96 5
 45 97 2
 45 98 5
 45 99 6
 45 100 1
 45 101 5
 45 102 4
 45 103 1
 45 104 6
 45 105 2
 45 106 8
 45 107 9
 45 108 2
 45 109 4
 45 110 3
 45 111 7
 45 112 4
 45 113 3
 45 114 4
 45 115 6
 45 116 2
 45 117 2
 45 118 6
 45 119 1
 45 120 9
 46 47 43
 46 48 42
 46 49 42
 46 50 37
 46 51 42
 46 52 39
 46 53 44
 46 54 41
 46 55 41
 46 56 39
 46 57 43
 46 58 41
 46 59 42
 46 60 40
 46 61 8
 46 62 3
 46 63 2
 46 64 5
 46 65 7
 46 66 2
 46 67 8
 46 68 8
 46 69 1
 46 70 5
 46 71 4
 46 72 8
 46 73 7
 46 74 8
 46 75 1
 46 76 7
 46 77 5
 46 78 4
 46 79 9
 46 80 9
 46 81 9
 46 82 1
 46 83 4
 46 84 5
 46 85 1
 46 86 2
 46 87 8
 46 88 5
 46 89 4
 46 90 8
 46 91 2
 46 92 6
 46 93 3
 46 94 8
 46 95 8
 46 96 8
 46 97 2
 46 98 7
 46 99 7
 46 100 8
 46 101 5
 46 102 4
 46 103 4
 46 104 8
 46 105 5
 46 106 2
 46 107 3
 46 108 6
 46 109 9
 46 110 6
 46 111 1
 46 112 7
 46 113 4
 46 114 6
 46 115 4
 46 116 1
 46 117 3
 46 118 8
 46 119 6
 46 120 2
 47 48 42
 47 49 42
 47 50 40
 47 51 42
 47 52 42
 47 53 37
 47 54 38
 47 55 41
 47 56 41
 47 57 39
 47 58 44
 47 59 41
 47 60 37
 47 61 8
 47 62 3
 47 63 1
 47 64 2
 47 65 1
 47 66 5
 47 67 9
 47 68 5
 47 69 4
 47 70 9
 47 71 2
 47 72 9
 47 73 6
 47 74 4
 47 75 8
 47 76 9
 47 77 8
 47 78 5
 47 79 1
 47 80 9
 47 81 2
 47 82 1
 47 83 9
 47 84 6
 47 85 1
 47 86 4
 47 87 5
 47 88 4
 47 89 9
 47 90 1
 47 91 5
 47 92 4
 47 93 8
 47 94 5
 47 95 4
 47 96 5
 47 97 7
 47 98 3
 47 99 2
 47 100 1
 47 101 2
 47 102 7
 47 103 6
 47 104 8
 47 105 7
 47 106 6
 47 107 4
 47 108 7
 47 109 1
 47 110 4
 47 111 8
 47 112 8
 47 113 3
 47 114 5
 47 115 9
 47 116 1
 47 117 3
 47 118 5
 47 119 1
 47 120 2
 48 49 44
 48 50 44
 48 51 38
 48 52 38
 48 53 42
 48 54 41
 48 55 37
 48 56 37
 48 57 44
 48 58 40
 48 59 43
 48 60 39
 48 61 1
 48 62 7
 48 63 8
 48 64 9
 48 65 7
 48 66 2
 48 67 5
 48 68 8
 48 69 1
 48 70 5
 48 71 3
 48 72 1
 48 73 5
 48 74 9
 48 75 8
 48 76 4
 48 77 2
 48 78 3
 48 79 4
 48 80 8
 48 81 1
 48 82 4
 48 83 7
 48 84 6
 48 85 3
 48 86 3
 48 87 9
 48 88 6
 48 89 9
 48 90 9
 48 91 8
 48 92 9
 48 93 9
 48 94 5
 48 95 1
 48 96 2
 48 97 4
 48 98 8
 48 99 7
 48 100 7
 48 101 8
 48 102 4
 48 103 7
 48 104 8
 48 105 2
 48 106 6
 48 107 8
 48 108 7
 48 109 6
 48 110 3
 48 111 5
 48 112 8
 48 113 4
 48 114 8
 48 115 5
 48 116 1
 48 117 9
 48 118 3
 48 119 2
 48 120 7
 49 50 42
 49 51 43
 49 52 43
 49 53 38
 49 54 38
 49 55 39
 49 56 38
 49 57 44
 49 58 43
 49 59 37
 49 60 41
 49 61 4
 49 62 9
 49 63 3
 49 64 8
 49 65 4
 49 66 3
 49 67 5
 49 68 9
 49 69 2
 49 70 1
 49 71 2
 49 72 5
 49 73 2
 49 74 5
 49 75 5
 49 76 5
 49 77 3
 49 78 7
 49 79 1
 49 80 3
 49 81 9
 49 82 4
 49 83 5
 49 84 5
 49 85 9
 49 86 6
 49 87 3
 49 88 4
 49 89 4
 49 90 7
 49 91 8
 49 92 5
 49 93 1
 49 94 9
 49 95 6
 49 96 9
 49 97 9
 49 98 1
 49 99 4
 49 100 8
 49 101 8
 49 102 9
 49 103 8
 49 104 3
 49 105 5
 49 106 7
 49 107 8
 49 108 8
 49 109 6
 49 110 6
 49 111 8
 49 112 6
 49 113 6
 49 114 7
 49 115 5
 49 116 8
 49 117 1
 49 118 1
 49 119 9
 49 120 4
 50 51 41
 50 52 39
 50 53 45
 50 54 45
 50 55 43
 50 56 37
 50 57 40
 50 58 45
 50 59 41
 50 60 45
 50 61 8
 50 62 5
 50 63 4
 50 64 3
 50 65 2
 50 66 5
 50 67 1
 50 68 2
 50 69 2
 50 70 5
 50 71 9
 50 72 2
 50 73 8
 50 74 4
 50 75 4
 50 76 9
 50 77 3
 50 78 6
 50 79 7
 50 80 8
 50 81 1
 50 82 2
 50 83 5
 50 84 6
 50 85 3
 50 86 7
 50 87 7
 50 88 4
 50 89 4
 50 90 6
 50 91 4
 50 92 7
 50 93 7
 50 94 9
 50 95 7
 50 96 7
 50 97 1
 50 98 4
 50 99 5
 50 100 7
 50 101 7
 50 102 1
 50 103 2
 50 104 1
 50 105 5
 50 106 4
 50 107 9
 50 108 9
 50 109 6
 50 110 4
 50 111 2
 50 112 6
 50 113 4
 50 114 4
 50 115 6
 50 116 8
 50 117 2
 50 118 8
 50 119 3
 50 120 1
 51 52 42
 51 53 37
 51 54 41
 51 55 42
 51 56 38
 51 57 40
 51 58 42
 51 59 43
 51 60 41
 51 61 6
 51 62 8
 51 63 1
 51 64 3
 51 65 7
 51 66 3
 51 67 8
 51 68 3
 51 69 3
 51 70 9
 51 71 4
 51 72 2
 51 73 9
 51 74 8
 51 75 5
 51 76 6
 51 77 6
 51 78 3
 51 79 7
 51 80 7
 51 81 1
 51 82 5
 51 83 8
 51 84 7
 51 85 8
 51 86 4
 51 87 3
 51 88 1
 51 89 7
 51 90 8
 51 91 9
 51 92 7
 51 93 6
 51 94 5
 51 95 2
 51 96 1
 51 97 5
 51 98 1
 51 99 6
 51 100 5
 51 101 1
 51 102 8
 51 103 5
 51 104 1
 51 105 3
 51 106 2
 51 107 1
 51 108 2
 51 109 8
 51 110 4
 51 111 6
 51 112 1
 51 113 1
 51 114 9
 51 115 6
 51 116 1
 51 117 4
 51 118 6
 51 119 7
 51 120 5
 52 53 41
 52 54 44
 52 55 43
 52 56 40
 52 57 40
 52 58 39
 52 59 41
 52 60 43
 52 61 3
 52 62 1
 52 63 1
 52 64 9
 52 65 3
 52 66 6
 52 67 5
 52 68 8
 52 69 2
 52 70 8
 52 71 2
 52 72 9
 52 73 6
 52 74 7
 52 75 2
 52 76 4
 52 77 7
 52 78 3
 52 79 5
 52 80 8
 52 81 4
 52 82 2
 52 83 7
 52 84 9
 52 85 4
 52 86 2
 52 87 8
 52 88 4
 52 89 3
 52 90 5
 52 91 4
 52 92 8
 52 93 9
 52 94 6
 52 95 3
 52 96 9
 52 97 7
 52 98 3
 52 99 7
 52 100 2
 52 101 2
 52 102 9
 52 103 4
 52 104 3
 52 105 1
 52 106 7
 52 107 3
 52 108 3
 52 109 7
 52 110 4
 52 111 7
 52 112 4
 52 113 4
 52 114 3
 52 115 6
 52 116 8
 52 117 6
 52 118 9
 52 119 3
 52 120 6
 53 54 39
 53 55 43
 53 56 39
 53 57 44
 53 58 42
 53 59 42
 53 60 40
 53 61 9
 53 62 1
 53 63 5
 53 64 6
 53 65 4
 53 66 5
 53 67 9
 53 68 1
 53 69 7
 53 70 5
 53 71 7
 53 72 5
 53 73 1
 53 74 3
 53 75 6
 53 76 3
 53 77 8
 53 78 1
 53 79 4
 53 80 3
 53 81 2
 53 82 5
 53 83 6
 53 84 3
 53 85 3
 53 86 7
 53 87 3
 53 88 8
 53 89 9
 53 90 4
 53 91 3
 53 92 4
 53 93 9
 53 94 2
 53 95 1
 53 96 2
 53 97 1
 53 98 8
 53 99 7
 53 100 5
 53 101 9
 53 102 7
 53 103 3
 53 104 8
 53 105 7
 53 106 9
 53 107 2
 53 108 2
 53 109 1
 53 110 9
 53 111 6
 53 112 4
 53 113 4
 53 114 6
 53 115 1
 53 116 4
 53 117 5
 53 118 3
 53 119 6
 53 120 6
 54 55 38
 54 56 40
 54 57 41
 54 58 44
 54 59 41
 54 60 41
 54 61 9
 54 62 9
 54 63 1
 54 64 9
 54 65 5
 54 66 8
 54 67 9
 54 68 9
 54 69 2
 54 70 8
 54 71 1
 54 72 4
 54 73 8
 54 74 8
 54 75 3
 54 76 6
 54 77 6
 54 78 9
 54 79 2
 54 80 8
 54 81 8
 54 82 5
 54 83 1
 54 84 5
 54 85 2
 54 86 5
 54 87 1
 54 88 7
 54 89 3
 54 90 5
 54 91 1
 54 92 9
 54 93 7
 54 94 9
 54 95 6
 54 96 4
 54 97 5
 54 98 6
 54 99 8
 54 100 8
 54 101 4
 54 102 4
 54 103 1
 54 104 5
 54 105 2
 54 106 3
 54 107 6
 54 108 6
 54 109 1
 54 110 7
 54 111 3
 54 112 1
 54 113 4
 54 114 1
 54 115 1
 54 116 8
 54 117 6
 54 118 9
 54 119 7
 54 120 4
 55 56 41
 55 57 42
 55 58 41
 55 59 38
 55 60 39
 55 61 4
 55 62 7
 55 63 9
 55 64 9
 55 65 3
 55 66 4
 55 67 1
 55 68 3
 55 69 6
 55 70 2
 55 71 5
 55 72 7
 55 73 1
 55 74 9
 55 75 2
 55 76 4
 55 77 1
 55 78 5
 55 79 8
 55 80 1
 55 81 3
 55 82 9
 55 83 5
 55 84 2
 55 85 4
 55 86 6
 55 87 9
 55 88 2
 55 89 5
 55 90 4
 55 91 3
 55 92 5
 55 93 9
 55 94 8
 55 95 4
 55 96 5
 55 97 5
 55 98 9
 55 99 1
 55 100 5
 55 101 5
 55 102 9
 55 103 8
 55 104 3
 55 105 9
 55 106 4
 55 107 4
 55 108 2
 55 109 9
 55 110 4
 55 111 6
 55 112 8
 55 113 7
 55 114 4
 55 115 2
 55 116 9
 55 117 3
 55 118 6
 55 119 4
 55 120 8
 56 57 44
 56 58 38
 56 59 41
 56 60 42
 56 61 7
 56 62 5
 56 63 3
 56 64 9
 56 65 9
 56 66 1
 56 67 7
 56 68 8
 56 69 4
 56 70 9
 56 71 3
 56 72 7
 56 73 8
 56 74 2
 56 75 1
 56 76 7
 56 77 4
 56 78 8
 56 79 3
 56 80 2
 56 81 5
 56 82 4
 56 83 8
 56 84 7
 56 85 9
 56 86 2
 56 87 5
 56 88 3
 56 89 3
 56 90 2
 56 91 3
 56 92 6
 56 93 4
 56 94 3
 56 95 1
 56 96 6
 56 97 5
 56 98 2
 56 99 8
 56 100 6
 56 101 2
 56 102 3
 56 103 7
 56 104 1
 56 105 5
 56 106 1
 56 107 6
 56 108 7
 56 109 4
 56 110 2
 56 111 3
 56 112 9
 56 113 6
 56 114 2
 56 115 8
 56 116 2
 56 117 1
 56 118 2
 56 119 9
 56 120 4
 57 58 38
 57 59 44
 57 60 37
 57 61 7
 57 62 2
 57 63 2
 57 64 2
 57 65 7
 57 66 9
 57 67 4
 57 68 2
 57 69 5
 57 70 2
 57 71 4
 57 72 8
 57 73 2
 57 74 5
 57 75 7
 57 76 9
 57 77 1
 57 78 2
 57 79 1
 57 80 8
 57 81 8
 57 82 8
 57 83 6
 57 84 3
 57 85 2
 57 86 9
 57 87 1
 57 88 9
 57 89 9
 57 90 3
 57 91 1
 57 92 3
 57 93 6
 57 94 4
 57 95 7
 57 96 7
 57 97 3
 57 98 3
 57 99 1
 57 100 1
 57 101 1
 57 102 6
 57 103 4
 57 104 9
 57 105 4
 57 106 7
 57 107 3
 57 108 7
 57 109 7
 57 110 9
 57 111 4
 57 112 9
 57 113 6
 57 114 5
 57 115 9
 57 116 8
 57 117 5
 57 118 3
 57 119 7
 57 120 5
 58 59 39
 58 60 40
 58 61 9
 58 62 1
 58 63 4
 58 64 5
 58 65 9
 58 66 5
 58 67 4
 58 68 8
 58 69 3
 58 70 7
 58 71 3
 58 72 5
 58 73 9
 58 74 9
 58 75 8
 58 76 8
 58 77 7
 58 78 7
 58 79 1
 58 80 7
 58 81 2
 58 82 7
 58 83 5
 58 84 2
 58 85 1
 58 86 6
 58 87 6
 58 88 8
 58 89 2
 58 90 1
 58 91 7
 58 92 8
 58 93 4
 58 94 6
 58 95 1
 58 96 7
 58 97 9
 58 98 5
 58 99 7
 58 100 9
 58 101 9
 58 102 8
 58 103 9
 58 104 9
 58 105 8
 58 106 6
 58 107 6
 58 108 3
 58 109 5
 58 110 7
 58 111 2
 58 112 3
 58 113 9
 58 114 9
 58 115 8
 58 116 3
 58 117 2
 58 118 4
 58 119 6
 58 120 7
 59 60 43
 59 61 4
 59 62 9
 59 63 4
 59 64 4
 59 65 4
 59 66 1
 59 67 3
 59 68 4
 59 69 3
 59 70 6
 59 71 5
 59 72 5
 59 73 8
 59 74 8
 59 75 7
 59 76 3
 59 77 2
 59 78 3
 59 79 3
 59 80 6
 59 81 5
 59 82 8
 59 83 4
 59 84 5
 59 85 3
 59 86 7
 59 87 3
 59 88 7
 59 89 9
 59 90 1
 59 91 2
 59 92 7
 59 93 1
 59 94 9
 59 95 7
 59 96 3
 59 97 1
 59 98 2
 59 99 8
 59 100 8
 59 101 5
 59 102 3
 59 103 6
 59 104 9
 59 105 3
 59 106 8
 59 107 8
 59 108 3
 59 109 3
 59 110 3
 59 111 7
 59 112 9
 59 113 5
 59 114 7
 59 115 7
 59 116 8
 59 117 9
 59 118 9
 59 119 4
 59 120 1
 60 61 5
 60 62 7
 60 63 9
 60 64 4
 60 65 3
 60 66 6
 60 67 3
 60 68 9
 60 69 3
 60 70 9
 60 71 2
 60 72 4
 60 73 1
 60 74 4
 60 75 6
 60 76 8
 60 77 9
 60 78 7
 60 79 4
 60 80 7
 60 81 3
 60 82 2
 60 83 2
 60 84 1
 60 85 9
 60 86 2
 60 87 8
 60 88 7
 60 89 1
 60 90 5
 60 91 4
 60 92 3
 60 93 9
 60 94 9
 60 95 9
 60 96 8
 60 97 2
 60 98 8
 60 99 3
 60 100 2
 60 101 4
 60 102 2
 60 103 2
 60 104 4
 60 105 6
 60 106 9
 60 107 2
 60 108 5
 60 109 1
 60 110 5
 60 111 6
 60 112 7
 60 113 4
 60 114 5
 60 115 5
 60 116 8
 60 117 7
 60 118 1
 60 119 2
 60 120 3
 61 62 1
 61 63 1
 61 64 1
 61 65 3
 61 66 7
 61 67 5
 61 68 7
 61 69 7
 61 70 9
 61 71 1
 61 72 2
 61 73 4
 61 74 7
 61 75 5
 61 76 1
 61 77 3
 61 78 3
 61 79 5
 61 80 5
 61 81 2
 61 82 9
 61 83 3
 61 84 5
 61 85 1
 61 86 2
 61 87 3
 61 88 9
 61 89 2
 61 90 6
 61 91 3
 61 92 4
 61 93 2
 61 94 7
 61 95 2
 61 96 2
 61 97 4
 61 98 1
 61 99 8
 61 100 9
 61 101 2
 61 102 4
 61 103 3
 61 104 1
 61 105 8
 61 106 3
 61 107 8
 61 108 9
 61 109 3
 61 110 9
 61 111 5
 61 112 3
 61 113 2
 61 114 3
 61 115 3
 61 116 6
 61 117 5
 61 118 3
 61 119 3
 61 120 7
 62 63 7
 62 64 4
 62 65 8
 62 66 3
 62 67 9
 62 68 4
 62 69 4
 62 70 9
 62 71 3
 62 72 9
 62 73 8
 62 74 4
 62 75 7
 62 76 2
 62 77 3
 62 78 7
 62 79 2
 62 80 7
 62 81 2
 62 82 7
 62 83 2
 62 84 8
 62 85 6
 62 86 4
 62 87 3
 62 88 5
 62 89 4
 62 90 8
 62 91 2
 62 92 5
 62 93 3
 62 94 7
 62 95 4
 62 96 6
 62 97 1
 62 98 2
 62 99 8
 62 100 5
 62 101 8
 62 102 2
 62 103 7
 62 104 1
 62 105 1
 62 106 1
 62 107 7
 62 108 6
 62 109 7
 62 110 6
 62 111 5
 62 112 5
 62 113 9
 62 114 3
 62 115 4
 62 116 3
 62 117 1
 62 118 3
 62 119 8
 62 120 5
 63 64 8
 63 65 9
 63 66 9
 63 67 5
 63 68 1
 63 69 7
 63 70 2
 63 71 2
 63 72 8
 63 73 1
 63 74 7
 63 75 9
 63 76 3
 63 77 8
 63 78 9
 63 79 9
 63 80 4
 63 81 5
 63 82 3
 63 83 3
 63 84 5
 63 85 6
 63 86 3
 63 87 3
 63 88 3
 63 89 2
 63 90 6
 63 91 2
 63 92 5
 63 93 3
 63 94 1
 63 95 8
 63 96 3
 63 97 4
 63 98 1
 63 99 3
 63 100 8
 63 101 7
 63 102 1
 63 103 3
 63 104 4
 63 105 5
 63 106 2
 63 107 5
 63 108 5
 63 109 4
 63 110 4
 63 111 1
 63 112 4
 63 113 6
 63 114 4
 63 115 9
 63 116 8
 63 117 5
 63 118 6
 63 119 1
 63 120 6
 64 65 3
 64 66 3
 64 67 3
 64 68 5
 64 69 2
 64 70 1
 64 71 7
 64 72 5
 64 73 6
 64 74 8
 64 75 6
 64 76 4
 64 77 9
 64 78 2
 64 79 2
 64 80 3
 64 81 5
 64 82 8
 64 83 7
 64 84 1
 64 85 9
 64 86 1
 64 87 4
 64 88 8
 64 89 1
 64 90 8
 64 91 6
 64 92 6
 64 93 4
 64 94 3
 64 95 4
 64 96 6
 64 97 2
 64 98 2
 64 99 9
 64 100 6
 64 101 3
 64 102 3
 64 103 8
 64 104 8
 64 105 1
 64 106 7
 64 107 3
 64 108 1
 64 109 2
 64 110 9
 64 111 2
 64 112 2
 64 113 5
 64 114 4
 64 115 6
 64 116 4
 64 117 4
 64 118 2
 64 119 2
 64 120 8
 65 66 4
 65 67 8
 65 68 7
 65 69 2
 65 70 5
 65 71 4
 65 72 3
 65 73 3
 65 74 6
 65 75 1
 65 76 9
 65 77 7
 65 78 6
 65 79 6
 65 80 5
 65 81 1
 65 82 2
 65 83 9
 65 84 7
 65 85 3
 65 86 8
 65 87 6
 65 88 2
 65 89 7
 65 90 9
 65 91 6
 65 92 4
 65 93 3
 65 94 7
 65 95 9
 65 96 6
 65 97 9
 65 98 7
 65 99 8
 65 100 1
 65 101 7
 65 102 7
 65 103 4
 65 104 9
 65 105 9
 65 106 8
 65 107 5
 65 108 2
 65 109 5
 65 110 8
 65 111 8
 65 112 9
 65 113 4
 65 114 6
 65 115 5
 65 116 5
 65 117 2
 65 118 3
 65 119 1
 65 120 7
 66 67 4
 66 68 6
 66 69 9
 66 70 1
 66 71 6
 66 72 1
 66 73 6
 66 74 1
 66 75 9
 66 76 2
 66 77 1
 66 78 4
 66 79 3
 66 80 4
 66 81 1
 66 82 9
 66 83 9
 66 84 2
 66 85 2
 66 86 6
 66 87 9
 66 88 6
 66 89 5
 66 90 9
 66 91 6
 66 92 5
 66 93 6
 66 94 3
 66 95 3
 66 96 1
 66 97 8
 66 98 6
 66 99 4
 66 100 3
 66 101 9
 66 102 6
 66 103 2
 66 104 1
 66 105 5
 66 106 2
 66 107 8
 66 108 5
 66 109 1
 66 110 6
 66 111 3
 66 112 3
 66 113 4
 66 114 5
 66 115 4
 66 116 6
 66 117 8
 66 118 2
 66 119 2
 66 120 5
 67 68 6
 67 69 4
 67 70 3
 67 71 4
 67 72 1
 67 73 4
 67 74 1
 67 75 8
 67 76 8
 67 77 2
 67 78 3
 67 79 2
 67 80 5
 67 81 8
 67 82 6
 67 83 7
 67 84 5
 67 85 1
 67 86 6
 67 87 5
 67 88 4
 67 89 5
 67 90 4
 67 91 9
 67 92 1
 67 93 6
 67 94 7
 67 95 5
 67 96 5
 67 97 4
 67 98 1
 67 99 6
 67 100 3
 67 101 6
 67 102 6
 67 103 3
 67 104 7
 67 105 9
 67 106 4
 67 107 9
 67 108 3
 67 109 3
 67 110 1
 67 111 5
 67 112 2
 67 113 5
 67 114 3
 67 115 7
 67 116 5
 67 117 8
 67 118 9
 67 119 4
 67 120 2
 68 69 9
 68 70 6
 68 71 6
 68 72 6
 68 73 8
 68 74 3
 68 75 9
 68 76 7
 68 77 8
 68 78 3
 68 79 7
 68 80 7
 68 81 1
 68 82 5
 68 83 8
 68 84 8
 68 85 9
 68 86 4
 68 87 7
 68 88 1
 68 89 4
 68 90 4
 68 91 2
 68 92 2
 68 93 5
 68 94 5
 68 95 5
 68 96 9
 68 97 9
 68 98 1
 68 99 9
 68 100 7
 68 101 3
 68 102 8
 68 103 3
 68 104 7
 68 105 4
 68 106 5
 68 107 1
 68 108 8
 68 109 7
 68 110 6
 68 111 8
 68 112 2
 68 113 3
 68 114 3
 68 115 9
 68 116 9
 68 117 4
 68 118 7
 68 119 1
 68 120 3
 69 70 9
 69 71 7
 69 72 1
 69 73 8
 69 74 3
 69 75 7
 69 76 3
 69 77 2
 69 78 6
 69 79 4
 69 80 9
 69 81 9
 69 82 4
 69 83 2
 69 84 5
 69 85 6
 69 86 3
 69 87 5
 69 88 1
 69 89 6
 69 90 6
 69 91 1
 69 92 2
 69 93 2
 69 94 2
 69 95 9
 69 96 2
 69 97 5
 69 98 4
 69 99 8
 69 100 3
 69 101 4
 69 102 8
 69 103 5
 69 104 7
 69 105 7
 69 106 2
 69 107 2
 69 108 1
 69 109 5
 69 110 8
 69 111 3
 69 112 3
 69 113 1
 69 114 3
 69 115 7
 69 116 1
 69 117 9
 69 118 3
 69 119 8
 69 120 2
 70 71 3
 70 72 3
 70 73 4
 70 74 9
 70 75 8
 70 76 6
 70 77 8
 70 78 5
 70 79 5
 70 80 2
 70 81 2
 70 82 5
 70 83 6
 70 84 9
 70 85 9
 70 86 1
 70 87 7
 70 88 4
 70 89 5
 70 90 1
 70 91 3
 70 92 9
 70 93 3
 70 94 9
 70 95 6
 70 96 7
 70 97 3
 70 98 5
 70 99 7
 70 100 6
 70 101 1
 70 102 3
 70 103 8
 70 104 3
 70 105 6
 70 106 7
 70 107 3
 70 108 5
 70 109 7
 70 110 3
 70 111 5
 70 112 8
 70 113 7
 70 114 7
 70 115 8
 70 116 7
 70 117 4
 70 118 4
 70 119 6
 70 120 5
 71 72 1
 71 73 1
 71 74 3
 71 75 4
 71 76 6
 71 77 4
 71 78 7
 71 79 3
 71 80 8
 71 81 2
 71 82 2
 71 83 9
 71 84 3
 71 85 9
 71 86 6
 71 87 8
 71 88 3
 71 89 8
 71 90 4
 71 91 3
 71 92 7
 71 93 4
 71 94 9
 71 95 2
 71 96 1
 71 97 6
 71 98 9
 71 99 4
 71 100 3
 71 101 2
 71 102 1
 71 103 8
 71 104 6
 71 105 9
 71 106 8
 71 107 1
 71 108 2
 71 109 8
 71 110 2
 71 111 1
 71 112 4
 71 113 3
 71 114 8
 71 115 5
 71 116 5
 71 117 6
 71 118 2
 71 119 3
 71 120 4
 72 73 5
 72 74 6
 72 75 5
 72 76 3
 72 77 1
 72 78 2
 72 79 6
 72 80 4
 72 81 8
 72 82 7
 72 83 4
 72 84 2
 72 85 1
 72 86 2
 72 87 2
 72 88 5
 72 89 2
 72 90 6
 72 91 5
 72 92 9
 72 93 6
 72 94 8
 72 95 6
 72 96 9
 72 97 4
 72 98 3
 72 99 9
 72 100 7
 72 101 1
 72 102 9
 72 103 4
 72 104 1
 72 105 9
 72 106 8
 72 107 6
 72 108 1
 72 109 1
 72 110 1
 72 111 6
 72 112 5
 72 113 3
 72 114 7
 72 115 9
 72 116 4
 72 117 6
 72 118 8
 72 119 1
 72 120 1
 73 74 5
 73 75 2
 73 76 6
 73 77 2
 73 78 7
 73 79 8
 73 80 3
 73 81 2
 73 82 9
 73 83 7
 73 84 5
 73 85 1
 73 86 4
 73 87 8
 73 88 6
 73 89 7
 73 90 9
 73 91 9
 73 92 3
 73 93 3
 73 94 6
 73 95 5
 73 96 7
 73 97 8
 73 98 2
 73 99 8
 73 100 6
 73 101 9
 73 102 8
 73 103 1
 73 104 8
 73 105 6
 73 106 2
 73 107 6
 73 108 4
 73 109 4
 73 110 8
 73 111 5
 73 112 3
 73 113 4
 73 114 8
 73 115 6
 73 116 1
 73 117 9
 73 118 5
 73 119 3
 73 120 1
 74 75 4
 74 76 2
 74 77 4
 74 78 4
 74 79 2
 74 80 7
 74 81 6
 74 82 8
 74 83 1
 74 84 8
 74 85 7
 74 86 3
 74 87 4
 74 88 5
 74 89 7
 74 90 7
 74 91 4
 74 92 4
 74 93 5
 74 94 7
 74 95 9
 74 96 9
 74 97 3
 74 98 8
 74 99 9
 74 100 7
 74 101 2
 74 102 4
 74 103 2
 74 104 9
 74 105 4
 74 106 8
 74 107 4
 74 108 4
 74 109 1
 74 110 2
 74 111 4
 74 112 3
 74 113 3
 74 114 6
 74 115 1
 74 116 2
 74 117 9
 74 118 3
 74 119 4
 74 120 9
 75 76 4
 75 77 2
 75 78 6
 75 79 1
 75 80 6
 75 81 9
 75 82 1
 75 83 5
 75 84 4
 75 85 3
 75 86 7
 75 87 5
 75 88 7
 75 89 2
 75 90 6
 75 91 1
 75 92 6
 75 93 3
 75 94 5
 75 95 9
 75 96 9
 75 97 9
 75 98 9
 75 99 2
 75 100 6
 75 101 9
 75 102 2
 75 103 4
 75 104 3
 75 105 9
 75 106 5
 75 107 8
 75 108 6
 75 109 9
 75 110 8
 75 111 6
 75 112 9
 75 113 8
 75 114 9
 75 115 3
 75 116 8
 75 117 8
 75 118 8
 75 119 2
 75 120 4
 76 77 6
 76 78 8
 76 79 2
 76 80 1
 76 81 8
 76 82 8
 76 83 5
 76 84 6
 76 85 6
 76 86 4
 76 87 9
 76 88 9
 76 89 8
 76 90 9
 76 91 1
 76 92 8
 76 93 6
 76 94 2
 76 95 2
 76 96 5
 76 97 3
 76 98 3
 76 99 5
 76 100 8
 76 101 5
 76 102 8
 76 103 9
 76 104 8
 76 105 8
 76 106 3
 76 107 4
 76 108 3
 76 109 7
 76 110 2
 76 111 1
 76 112 9
 76 113 5
 76 114 4
 76 115 5
 76 116 4
 76 117 9
 76 118 3
 76 119 2
 76 120 2
 77 78 3
 77 79 5
 77 80 7
 77 81 5
 77 82 3
 77 83 4
 77 84 7
 77 85 8
 77 86 6
 77 87 2
 77 88 3
 77 89 4
 77 90 7
 77 91 2
 77 92 9
 77 93 3
 77 94 5
 77 95 2
 77 96 5
 77 97 1
 77 98 4
 77 99 2
 77 100 3
 77 101 2
 77 102 6
 77 103 3
 77 104 7
 77 105 1
 77 106 4
 77 107 6
 77 108 5
 77 109 2
 77 110 6
 77 111 2
 77 112 9
 77 113 2
 77 114 5
 77 115 1
 77 116 6
 77 117 8
 77 118 5
 77 119 8
 77 120 7
 78 79 7
 78 80 9
 78 81 7
 78 82 7
 78 83 5
 78 84 1
 78 85 1
 78 86 3
 78 87 3
 78 88 8
 78 89 9
 78 90 3
 78 91 2
 78 92 5
 78 93 5
 78 94 1
 78 95 5
 78 96 6
 78 97 2
 78 98 7
 78 99 3
 78 100 4
 78 101 5
 78 102 5
 78 103 7
 78 104 3
 78 105 3
 78 106 2
 78 107 4
 78 108 7
 78 109 9
 78 110 7
 78 111 4
 78 112 2
 78 113 1
 78 114 9
 78 115 3
 78 116 3
 78 117 1
 78 118 3
 78 119 1
 78 120 4
 79 80 6
 79 81 8
 79 82 8
 79 83 7
 79 84 8
 79 85 9
 79 86 1
 79 87 2
 79 88 5
 79 89 8
 79 90 6
 79 91 4
 79 92 7
 79 93 2
 79 94 3
 79 95 4
 79 96 2
 79 97 9
 79 98 4
 79 99 9
 79 100 6
 79 101 2
 79 102 7
 79 103 9
 79 104 2
 79 105 9
 79 106 6
 79 107 1
 79 108 1
 79 109 2
 79 110 8
 79 111 8
 79 112 5
 79 113 2
 79 114 2
 79 115 5
 79 116 4
 79 117 5
 79 118 7
 79 119 3
 79 120 3
 80 81 2
 80 82 8
 80 83 8
 80 84 8
 80 85 4
 80 86 6
 80 87 9
 80 88 5
 80 89 2
 80 90 6
 80 91 6
 80 92 2
 80 93 6
 80 94 5
 80 95 7
 80 96 4
 80 97 6
 80 98 5
 80 99 7
 80 100 7
 80 101 9
 80 102 8
 80 103 1
 80 104 2
 80 105 8
 80 106 1
 80 107 2
 80 108 7
 80 109 3
 80 110 6
 80 111 3
 80 112 2
 80 113 7
 80 114 8
 80 115 1
 80 116 1
 80 117 8
 80 118 5
 80 119 9
 80 120 2
 81 82 6
 81 83 2
 81 84 5
 81 85 1
 81 86 1
 81 87 5
 81 88 1
 81 89 3
 81 90 2
 81 91 9
 81 92 3
 81 93 9
 81 94 6
 81 95 8
 81 96 5
 81 97 3
 81 98 5
 81 99 2
 81 100 3
 81 101 9
 81 102 2
 81 103 8
 81 104 3
 81 105 8
 81 106 6
 81 107 3
 81 108 2
 81 109 3
 81 110 1
 81 111 8
 81 112 9
 81 113 5
 81 114 8
 81 115 9
 81 116 6
 81 117 3
 81 118 4
 81 119 7
 81 120 8
 82 83 8
 82 84 9
 82 85 3
 82 86 7
 82 87 7
 82 88 2
 82 89 9
 82 90 4
 82 91 7
 82 92 9
 82 93 3
 82 94 9
 82 95 5
 82 96 7
 82 97 5
 82 98 8
 82 99 6
 82 100 3
 82 101 7
 82 102 1
 82 103 8
 82 104 1
 82 105 6
 82 106 1
 82 107 8
 82 108 4
 82 109 3
 82 110 6
 82 111 7
 82 112 9
 82 113 8
 82 114 3
 82 115 7
 82 116 5
 82 117 5
 82 118 9
 82 119 2
 82 120 8
 83 84 8
 83 85 2
 83 86 7
 83 87 9
 83 88 7
 83 89 4
 83 90 4
 83 91 9
 83 92 1
 83 93 2
 83 94 3
 83 95 6
 83 96 3
 83 97 4
 83 98 8
 83 99 3
 83 100 5
 83 101 3
 83 102 8
 83 103 2
 83 104 9
 83 105 2
 83 106 7
 83 107 2
 83 108 2
 83 109 1
 83 110 3
 83 111 2
 83 112 2
 83 113 4
 83 114 4
 83 115 2
 83 116 7
 83 117 4
 83 118 4
 83 119 1
 83 120 5
 84 85 1
 84 86 4
 84 87 8
 84 88 7
 84 89 2
 84 90 4
 84 91 2
 84 92 9
 84 93 5
 84 94 7
 84 95 3
 84 96 3
 84 97 8
 84 98 2
 84 99 3
 84 100 1
 84 101 3
 84 102 9
 84 103 7
 84 104 5
 84 105 2
 84 106 8
 84 107 4
 84 108 5
 84 109 9
 84 110 9
 84 111 6
 84 112 5
 84 113 6
 84 114 5
 84 115 5
 84 116 2
 84 117 9
 84 118 2
 84 119 1
 84 120 8
 85 86 9
 85 87 4
 85 88 8
 85 89 8
 85 90 1
 85 91 9
 85 92 5
 85 93 4
 85 94 2
 85 95 2
 85 96 8
 85 97 3
 85 98 2
 85 99 1
 85 100 2
 85 101 6
 85 102 4
 85 103 7
 85 104 3
 85 105 1
 85 106 8
 85 107 6
 85 108 1
 85 109 5
 85 110 9
 85 111 4
 85 112 1
 85 113 6
 85 114 3
 85 115 9
 85 116 1
 85 117 3
 85 118 3
 85 119 2
 85 120 9
 86 87 6
 86 88 9
 86 89 5
 86 90 7
 86 91 2
 86 92 4
 86 93 5
 86 94 6
 86 95 7
 86 96 5
 86 97 1
 86 98 3
 86 99 4
 86 100 4
 86 101 1
 86 102 1
 86 103 4
 86 104 6
 86 105 5
 86 106 7
 86 107 8
 86 108 3
 86 109 6
 86 110 2
 86 111 3
 86 112 1
 86 113 9
 86 114 8
 86 115 8
 86 116 8
 86 117 6
 86 118 8
 86 119 8
 86 120 8
 87 88 3
 87 89 8
 87 90 1
 87 91 6
 87 92 3
 87 93 6
 87 94 9
 87 95 7
 87 96 4
 87 97 2
 87 98 4
 87 99 8
 87 100 3
 87 101 7
 87 102 8
 87 103 1
 87 104 8
 87 105 6
 87 106 7
 87 107 3
 87 108 2
 87 109 2
 87 110 1
 87 111 6
 87 112 9
 87 113 5
 87 114 8
 87 115 5
 87 116 6
 87 117 5
 87 118 7
 87 119 5
 87 120 6
 88 89 4
 88 90 9
 88 91 3
 88 92 5
 88 93 2
 88 94 2
 88 95 5
 88 96 7
 88 97 6
 88 98 4
 88 99 5
 88 100 4
 88 101 5
 88 102 1
 88 103 8
 88 104 5
 88 105 8
 88 106 2
 88 107 2
 88 108 6
 88 109 3
 88 110 6
 88 111 3
 88 112 5
 88 113 2
 88 114 7
 88 115 6
 88 116 9
 88 117 2
 88 118 8
 88 119 6
 88 120 1
 89 90 5
 89 91 1
 89 92 7
 89 93 5
 89 94 5
 89 95 7
 89 96 7
 89 97 3
 89 98 9
 89 99 2
 89 100 5
 89 101 4
 89 102 1
 89 103 1
 89 104 9
 89 105 6
 89 106 5
 89 107 8
 89 108 9
 89 109 7
 89 110 4
 89 111 2
 89 112 3
 89 113 6
 89 114 5
 89 115 2
 89 116 2
 89 117 9
 89 118 3
 89 119 9
 89 120 5
 90 91 7
 90 92 2
 90 93 3
 90 94 8
 90 95 9
 90 96 2
 90 97 4
 90 98 7
 90 99 4
 90 100 9
 90 101 2
 90 102 7
 90 103 1
 90 104 6
 90 105 3
 90 106 1
 90 107 5
 90 108 8
 90 109 6
 90 110 9
 90 111 3
 90 112 6
 90 113 9
 90 114 1
 90 115 4
 90 116 5
 90 117 7
 90 118 3
 90 119 1
 90 120 5
 91 92 8
 91 93 9
 91 94 1
 91 95 6
 91 96 3
 91 97 6
 91 98 1
 91 99 4
 91 100 6
 91 101 5
 91 102 4
 91 103 5
 91 104 6
 91 105 5
 91 106 8
 91 107 2
 91 108 2
 91 109 1
 91 110 9
 91 111 9
 91 112 5
 91 113 1
 91 114 2
 91 115 8
 91 116 6
 91 117 5
 91 118 1
 91 119 2
 91 120 5
 92 93 2
 92 94 8
 92 95 2
 92 96 4
 92 97 3
 92 98 8
 92 99 8
 92 100 4
 92 101 6
 92 102 9
 92 103 4
 92 104 1
 92 105 8
 92 106 8
 92 107 9
 92 108 6
 92 109 7
 92 110 1
 92 111 8
 92 112 3
 92 113 8
 92 114 8
 92 115 7
 92 116 9
 92 117 8
 92 118 8
 92 119 4
 92 120 4
 93 94 8
 93 95 5
 93 96 6
 93 97 2
 93 98 5
 93 99 8
 93 100 9
 93 101 2
 93 102 7
 93 103 2
 93 104 1
 93 105 4
 93 106 7
 93 107 9
 93 108 7
 93 109 2
 93 110 5
 93 111 1
 93 112 5
 93 113 4
 93 114 3
 93 115 6
 93 116 5
 93 117 3
 93 118 1
 93 119 6
 93 120 8
 94 95 4
 94 96 8
 94 97 2
 94 98 1
 94 99 8
 94 100 6
 94 101 6
 94 102 6
 94 103 9
 94 104 4
 94 105 6
 94 106 7
 94 107 6
 94 108 4
 94 109 3
 94 110 4
 94 111 2
 94 112 4
 94 113 7
 94 114 4
 94 115 8
 94 116 2
 94 117 7
 94 118 8
 94 119 8
 94 120 8
 95 96 2
 95 97 6
 95 98 9
 95 99 6
 95 100 8
 95 101 6
 95 102 3
 95 103 7
 95 104 3
 95 105 3
 95 106 8
 95 107 2
 95 108 9
 95 109 8
 95 110 6
 95 111 1
 95 112 4
 95 113 5
 95 114 1
 95 115 3
 95 116 8
 95 117 4
 95 118 9
 95 119 3
 95 120 1
 96 97 6
 96 98 8
 96 99 9
 96 100 7
 96 101 8
 96 102 9
 96 103 5
 96 104 7
 96 105 5
 96 106 8
 96 107 1
 96 108 7
 96 109 7
 96 110 9
 96 111 9
 96 112 9
 96 113 5
 96 114 2
 96 115 7
 96 116 6
 96 117 4
 96 118 1
 96 119 2
 96 120 7
 97 98 3
 97 99 7
 97 100 7
 97 101 3
 97 102 5
 97 103 6
 97 104 4
 97 105 1
 97 106 9
 97 107 3
 97 108 5
 97 109 1
 97 110 9
 97 111 2
 97 112 7
 97 113 5
 97 114 6
 97 115 6
 97 116 8
 97 117 8
 97 118 7
 97 119 2
 97 120 2
 98 99 4
 98 100 1
 98 101 8
 98 102 7
 98 103 9
 98 104 8
 98 105 8
 98 106 2
 98 107 7
 98 108 4
 98 109 9
 98 110 4
 98 111 7
 98 112 9
 98 113 2
 98 114 5
 98 115 9
 98 116 5
 98 117 6
 98 118 8
 98 119 3
 98 120 2
 99 100 7
 99 101 7
 99 102 6
 99 103 3
 99 104 6
 99 105 6
 99 106 8
 99 107 1
 99 108 5
 99 109 4
 99 110 4
 99 111 7
 99 112 9
 99 113 1
 99 114 6
 99 115 3
 99 116 5
 99 117 6
 99 118 4
 99 119 5
 99 120 6
 100 101 2
 100 102 3
 100 103 8
 100 104 1
 100 105 8
 100 106 7
 100 107 5
 100 108 6
 100 109 4
 100 110 2
 100 111 3
 100 112 6
 100 113 3
 100 114 4
 100 115 1
 100 116 7
 100 117 4
 100 118 6
 100 119 6
 100 120 3
 101 102 7
 101 103 4
 101 104 4
 101 105 3
 101 106 2
 101 107 3
 101 108 7
 101 109 2
 101 110 6
 101 111 1
 101 112 1
 101 113 9
 101 114 6
 101 115 5
 101 116 9
 101 117 3
 101 118 2
 101 119 7
 101 120 9
 102 103 1
 102 104 5
 102 105 1
 102 106 7
 102 107 1
 102 108 7
 102 109 1
 102 110 7
 102 111 3
 102 112 6
 102 113 6
 102 114 3
 102 115 8
 102 116 1
 102 117 1
 102 118 3
 102 119 1
 102 120 9
 103 104 9
 103 105 8
 103 106 6
 103 107 3
 103 108 8
 103 109 4
 103 110 8
 103 111 8
 103 112 3
 103 113 4
 103 114 8
 103 115 5
 103 116 1
 103 117 6
 103 118 8
 103 119 3
 103 120 9
 104 105 9
 104 106 7
 104 107 3
 104 108 2
 104 109 1
 104 110 5
 104 111 8
 104 112 2
 104 113 7
 104 114 8
 104 115 8
 104 116 7
 104 117 4
 104 118 1
 104 119 8
 104 120 7
 105 106 6
 105 107 1
 105 108 8
 105 109 3
 105 110 2
 105 111 7
 105 112 8
 105 113 5
 105 114 8
 105 115 9
 105 116 7
 105 117 5
 105 118 2
 105 119 2
 105 120 5
 106 107 7
 106 108 5
 106 109 4
 106 110 5
 106 111 2
 106 112 9
 106 113 6
 106 114 3
 106 115 8
 106 116 9
 106 117 8
 106 118 2
 106 119 7
 106 120 1
 107 108 4
 107 109 5
 107 110 1
 107 111 7
 107 112 4
 107 113 7
 107 114 8
 107 115 8
 107 116 6
 107 117 8
 107 118 3
 107 119 1
 107 120 7
 108 109 4
 108 110 1
 108 111 7
 108 112 2
 108 113 4
 108 114 8
 108 115 8
 108 116 2
 108 117 8
 108 118 9
 108 119 8
 108 120 3
 109 110 1
 109 111 7
 109 112 6
 109 113 5
 109 114 7
 109 115 1
 109 116 3
 109 117 1
 109 118 4
 109 119 4
 109 120 4
 110 111 7
 110 112 1
 110 113 5
 110 114 7
 110 115 1
 110 116 6
 110 117 1
 110 118 3
 110 119 4
 110 120 4
 111 112 7
 111 113 5
 111 114 3
 111 115 5
 111 116 9
 111 117 6
 111 118 4
 111 119 5
 111 120 5
 112 113 2
 112 114 6
 112 115 2
 112 116 4
 112 117 8
 112 118 3
 112 119 5
 112 120 1
 113 114 2
 113 115 2
 113 116 4
 113 117 2
 113 118 4
 113 119 9
 113 120 5
 114 115 8
 114 116 9
 114 117 2
 114 118 5
 114 119 2
 114 120 4
 115 116 1
 115 117 6
 115 118 4
 115 119 6
 115 120 2
 116 117 1
 116 118 2
 116 119 6
 116 120 7
 117 118 9
 117 119 1
 117 120 4
 118 119 8
 118 120 4
 119 120 3