OTHER
170
 1
 5
 6
 9
 12
 13
 14
 15
 16
 19
 20
 24
 29
 31
 32
 34
 35
 36
 37
 40
 44
 45
 46
 48
 50
 53
 54
 55
 58
 60
 63
 66
 67
 69
 70
 72
 73
 76
 77
 79
 80
 82
 83
 84
 87
 89
 90
 91
 92
 93
 96
 98
 103
 106
 107
 108
 110
 115
 116
 123
 124
 126
 127
 128
 131
 133
 137
 139
 143
 144
 145
 148
 149
 151
 155
 157
 164
 165
 166
 168
 169
 170
 172
 173
 174
 177
 179
 180
 181
 182
 185
 191
 192
 193
 205
 208
 210
 216
 217
 218
 231
 234
 235
 240
 241
 246
 252
 254
 255
 256
 258
 266
 269
 270
 273
 274
 277
 280
 281
 282
 283
 284
 285
 288
 290
 296
 300
 303
 305
 306
 307
 309
 311
 312
 317
 318
 321
 325
 327
 332
 333
 334
 336
 337
 346
 351
 352
 354
 356
 358
 359
 361
 362
 363
 368
 370
 372
 373
 375
 377
 378
 379
 381
 384
 385
 388
 391
 395
 396
 397 400 760
 1 2 45
 1 21 39
 2 3 42
 2 22 43
 3 4 42
 3 23 44
 4 5 45
 4 24 41
 5 6 42
 5 25 37
 6 7 45
 6 26 43
 7 8 45
 7 27 43
 8 9 41
 8 28 43
 9 10 40
 9 29 41
 10 11 40
 10 30 38
 11 12 45
 11 31 39
 12 13 40
 12 32 43
 13 14 43
 13 33 39
 14 15 42
 14 34 43
 15 16 37
 15 35 38
 16 17 42
 16 36 45
 17 18 37
 17 37 43
 18 19 43
 18 38 41
 19 20 44
 19 39 43
 20 40 39
 21 22 44
 21 41 39
 22 23 41
 22 42 45
 23 24 45
 23 43 43
 24 25 45
 24 44 41
 25 26 45
 25 45 39
 26 27 42
 26 46 37
 27 28 41
 27 47 42
 28 29 42
 28 48 38
 29 30 39
 29 49 39
 30 31 41
 30 50 42
 31 32 42
 31 51 43
 32 33 41
 32 52 38
 33 34 41
 33 53 39
 34 35 37
 34 54 43
 35 36 43
 35 55 39
 36 37 42
 36 56 43
 37 38 43
 37 57 44
 38 39 40
 38 58 37
 39 40 37
 39 59 38
 40 60 37
 41 42 44
 41 61 37
 42 43 43
 42 62 43
 43 44 45
 43 63 38
 44 45 40
 44 64 42
 45 46 37
 45 65 43
 46 47 39
 46 66 43
 47 48 44
 47 67 39
 48 49 41
 48 68 41
 49 50 37
 49 69 43
 50 51 44
 50 70 41
 51 52 39
 51 71 38
 52 53 38
 52 72 40
 53 54 42
 53 73 41
 54 55 45
 54 74 37
 55 56 45
 55 75 37
 56 57 37
 56 76 39
 57 58 42
 57 77 39
 58 59 38
 58 78 45
 59 60 45
 59 79 44
 60 80 44
 61 62 42
 61 81 41
 62 63 38
 62 82 38
 63 64 44
 63 83 40
 64 65 38
 64 84 41
 65 66 40
 65 85 39
 66 67 38
 66 86 38
 67 68 44
 67 87 44
 68 69 42
 68 88 37
 69 70 40
 69 89 37
 70 71 43
 70 90 37
 71 72 43
 71 91 41
 72 73 39
 72 92 45
 73 74 41
 73 93 41
 74 75 44
 74 94 45
 75 76 38
 75 95 40
 76 77 43
 76 96 41
 77 78 40
 77 97 41
 78 79 40
 78 98 45
 79 80 37
 79 99 45
 80 100 45
 81 82 37
 81 101 40
 82 83 37
 82 102 38
 83 84 41
 83 103 37
 84 85 43
 84 104 41
 85 86 39
 85 105 42
 86 87 38
 86 106 44
 87 88 41
 87 107 37
 88 89 39
 88 108 43
 89 90 39
 89 109 40
 90 91 42
 90 110 45
 91 92 39
 91 111 42
 92 93 44
 92 112 45
 93 94 39
 93 113 43
 94 95 41
 94 114 45
 95 96 41
 95 115 41
 96 97 39
 96 116 40
 97 98 45
 97 117 41
 98 99 38
 98 118 44
 99 100 38
 99 119 37
 100 120 41
 101 102 38
 101 121 39
 102 103 45
 102 122 38
 103 104 42
 103 123 44
 104 105 38
 104 124 42
 105 106 41
 105 125 44
 106 107 41
 106 126 44
 107 108 44
 107 127 37
 108 109 40
 108 128 38
 109 110 42
 109 129 44
 110 111 39
 110 130 37
 111 112 37
 111 131 39
 112 113 38
 112 132 40
 113 114 38
 113 133 45
 114 115 39
 114 134 38
 115 116 37
 115 135 42
 116 117 41
 116 136 45
 117 118 41
 117 137 39
 118 119 45
 118 138 38
 119 120 43
 119 139 38
 120 140 45
 121 122 43
 121 141 43
 122 123 37
 122 142 44
 123 124 37
 123 143 43
 124 125 40
 124 144 43
 125 126 40
 125 145 43
 126 127 41
 126 146 42
 127 128 45
 127 147 45
 128 129 43
 128 148 41
 129 130 45
 129 149 40
 130 131 42
 130 150 37
 131 132 44
 131 151 8
 132 133 43
 132 152 7
 133 134 44
 133 153 8
 134 135 45
 134 154 7
 135 136 39
 135 155 3
 136 137 43
 136 156 9
 137 138 45
 137 157 2
 138 139 44
 138 158 2
 139 140 39
 139 159 4
 140 160 6
 141 142 45
 141 161 9
 142 143 43
 142 162 1
 143 144 43
 143 163 9
 144 145 41
 144 164 2
 145 146 39
 145 165 9
 146 147 42
 146 166 7
 147 148 45
 147 167 9
 148 149 40
 148 168 3
 149 150 42
 149 169 6
 150 151 6
 150 170 8
 151 152 3
 151 171 7
 152 153 6
 152 172 4
 153 154 1
 153 173 1
 154 155 8
 154 174 2
 155 156 9
 155 175 5
 156 157 5
 156 176 6
 157 158 8
 157 177 8
 158 159 7
 158 178 7
 159 160 5
 159 179 8
 160 180 3
 161 162 3
 161 181 4
 162 163 5
 162 182 9
 163 164 2
 163 183 2
 164 165 7
 164 184 1
 165 166 5
 165 185 7
 166 167 4
 166 186 2
 167 168 8
 167 187 7
 168 169 2
 168 188 3
 169 170 4
 169 189 4
 170 171 5
 170 190 6
 171 172 6
 171 191 4
 172 173 7
 172 192 4
 173 174 4
 173 193 6
 174 175 3
 174 194 6
 175 176 9
 175 195 8
 176 177 5
 176 196 5
 177 178 1
 177 197 5
 178 179 4
 178 198 4
 179 180 8
 179 199 8
 180 200 8
 181 182 2
 181 201 6
 182 183 9
 182 202 5
 183 184 1
 183 203 2
 184 185 4
 184 204 4
 185 186 9
 185 205 2
 186 187 4
 186 206 7
 187 188 3
 187 207 9
 188 189 3
 188 208 8
 189 190 6
 189 209 5
 190 191 3
 190 210 1
 191 192 3
 191 211 3
 192 193 4
 192 212 2
 193 194 7
 193 213 5
 194 195 4
 194 214 5
 195 196 2
 195 215 5
 196 197 8
 196 216 3
 197 198 6
 197 217 7
 198 199 9
 198 218 1
 199 200 9
 199 219 4
 200 220 5
 201 202 5
 201 221 1
 202 203 9
 202 222 1
 203 204 6
 203 223 5
 204 205 6
 204 224 1
 205 206 3
 205 225 5
 206 207 1
 206 226 9
 207 208 2
 207 227 5
 208 209 7
 208 228 2
 209 210 2
 209 229 5
 210 211 6
 210 230 4
 211 212 5
 211 231 7
 212 213 4
 212 232 9
 213 214 4
 213 233 3
 214 215 2
 214 234 3
 215 216 4
 215 235 2
 216 217 3
 216 236 7
 217 218 2
 217 237 4
 218 219 3
 218 238 6
 219 220 7
 219 239 6
 220 240 8
 221 222 5
 221 241 6
 222 223 4
 222 242 1
 223 224 1
 223 243 3
 224 225 2
 224 244 9
 225 226 1
 225 245 7
 226 227 7
 226 246 4
 227 228 2
 227 247 3
 228 229 3
 228 248 3
 229 230 2
 229 249 7
 230 231 1
 230 250 8
 231 232 8
 231 251 7
 232 233 6
 232 252 4
 233 234 3
 233 253 5
 234 235 5
 234 254 6
 235 236 7
 235 255 9
 236 237 4
 236 256 9
 237 238 7
 237 257 6
 238 239 8
 238 258 7
 239 240 2
 239 259 7
 240 260 6
 241 242 8
 241 261 8
 242 243 4
 242 262 9
 243 244 8
 243 263 6
 244 245 9
 244 264 8
 245 246 2
 245 265 5
 246 247 9
 246 266 5
 247 248 2
 247 267 6
 248 249 5
 248 268 3
 249 250 3
 249 269 7
 250 251 2
 250 270 6
 251 252 6
 251 271 1
 252 253 4
 252 272 9
 253 254 7
 253 273 3
 254 255 6
 254 274 9
 255 256 1
 255 275 6
 256 257 9
 256 276 9
 257 258 6
 257 277 2
 258 259 8
 258 278 7
 259 260 8
 259 279 9
 260 280 7
 261 262 6
 261 281 4
 262 263 9
 262 282 4
 263 264 3
 263 283 7
 264 265 1
 264 284 3
 265 266 3
 265 285 6
 266 267 1
 266 286 7
 267 268 4
 267 287 8
 268 269 3
 268 288 8
 269 270 4
 269 289 7
 270 271 1
 270 290 3
 271 272 9
 271 291 7
 272 273 4
 272 292 4
 273 274 7
 273 293 7
 274 275 8
 274 294 8
 275 276 8
 275 295 9
 276 277 8
 276 296 6
 277 278 3
 277 297 3
 278 279 3
 278 298 4
 279 280 4
 279 299 6
 280 300 8
 281 282 1
 281 301 7
 282 283 7
 282 302 3
 283 284 7
 283 303 5
 284 285 9
 284 304 3
 285 286 9
 285 305 5
 286 287 4
 286 306 6
 287 288 7
 287 307 9
 288 289 7
 288 308 3
 289 290 7
 289 309 1
 290 291 2
 290 310 1
 291 292 5
 291 311 1
 292 293 5
 292 312 1
 293 294 2
 293 313 8
 294 295 3
 294 314 7
 295 296 6
 295 315 4
 296 297 3
 296 316 8
 297 298 5
 297 317 6
 298 299 1
 298 318 1
 299 300 7
 299 319 2
 300 320 5
 301 302 8
 301 321 4
 302 303 1
 302 322 4
 303 304 1
 303 323 6
 304 305 7
 304 324 1
 305 306 3
 305 325 9
 306 307 7
 306 326 7
 307 308 5
 307 327 8
 308 309 3
 308 328 9
 309 310 7
 309 329 3
 310 311 2
 310 330 3
 311 312 9
 311 331 8
 312 313 8
 312 332 6
 313 314 1
 313 333 8
 314 315 1
 314 334 8
 315 316 1
 315 335 3
 316 317 7
 316 336 9
 317 318 5
 317 337 4
 318 319 2
 318 338 7
 319 320 3
 319 339 4
 320 340 2
 321 322 6
 321 341 1
 322 323 2
 322 342 9
 323 324 6
 323 343 2
 324 325 5
 324 344 3
 325 326 8
 325 345 6
 326 327 7
 326 346 9
 327 328 6
 327 347 6
 328 329 6
 328 348 8
 329 330 8
 329 349 6
 330 331 7
 330 350 6
 331 332 5
 331 351 6
 332 333 6
 332 352 4
 333 334 5
 333 353 9
 334 335 2
 334 354 1
 335 336 4
 335 355 5
 336 337 6
 336 356 4
 337 338 4
 337 357 9
 338 339 7
 338 358 6
 339 340 6
 339 359 5
 340 360 2
 341 342 1
 341 361 4
 342 343 8
 342 362 1
 343 344 7
 343 363 1
 344 345 8
 344 364 2
 345 346 7
 345 365 6
 346 347 2
 346 366 8
 347 348 9
 347 367 5
 348 349 1
 348 368 9
 349 350 7
 349 369 9
 350 351 2
 350 370 9
 351 352 1
 351 371 7
 352 353 4
 352 372 5
 353 354 6
 353 373 8
 354 355 6
 354 374 5
 355 356 4
 355 375 7
 356 357 6
 356 376 2
 357 358 8
 357 377 9
 358 359 6
 358 378 8
 359 360 4
 359 379 4
 360 380 4
 361 362 1
 361 381 4
 362 363 7
 362 382 8
 363 364 3
 363 383 9
 364 365 3
 364 384 5
 365 366 7
 365 385 9
 366 367 8
 366 386 8
 367 368 9
 367 387 4
 368 369 8
 368 388 7
 369 370 4
 369 389 1
 370 371 7
 370 390 8
 371 372 8
 371 391 7
 372 373 4
 372 392 3
 373 374 8
 373 393 7
 374 375 4
 374 394 8
 375 376 9
 375 395 8
 376 377 2
 376 396 7
 377 378 1
 377 397 3
 378 379 2
 378 398 6
 379 380 1
 379 399 2
 380 400 1
 381 382 2
 382 383 7
 383 384 7
 384 385 7
 385 386 7
 386 387 3
 387 388 2
 388 389 1
 389 390 2
 390 391 2
 391 392 9
 392 393 2
 393 394 9
 394 395 7
 395 396 3
 396 397 7
 397 398 5
 398 399 6
 399 400 3