OTHER
188
 1
 2
 4
 10
 11
 12
 14
 18
 19
 25
 26
 29
 32
 33
 34
 37
 39
 41
 44
 45
 48
 51
 52
 53
 54
 57
 61
 62
 63
 64
 66
 68
 71
 74
 77
 78
 80
 81
 84
 85
 86
 87
 92
 93
 96
 98
 100
 101
 102
 104
 106
 107
 110
 111
 112
 114
 116
 117
 118
 119
 120
 131
 135
 137
 143
 145
 146
 147
 148
 151
 152
 153
 156
 163
 164
 165
 166
 167
 170
 171
 175
 177
 180
 181
 182
 184
 185
 189
 190
 192
 197
 199
 203
 209
 210
 213
 214
 215
 217
 219
 220
 221
 222
 224
 225
 226
 232
 235
 237
 240
 244
 245
 250
 251
 253
 255
 257
 258
 261
 262
 263
 265
 267
 269
 271
 273
 281
 282
 284
 285
 291
 292
 293
 294
 295
 296
 298
 299
 301
 304
 307
 309
 310
 312
 313
 315
 316
 317
 319
 320
 322
 326
 329
 332
 333
 334
 335
 337
 338
 339
 340
 343
 348
 350
 351
 352
 355
 356
 357
 363
 364
 366
 367
 368
 369
 374
 376
 379
 381
 382
 383
 384
 387
 390
 391
 395
 396
 400 400
 760
 1 2 40
 1 21 5
 2 3 1
 2 22 4
 3 4 4
 3 23 9
 4 5 4
 4 24 9
 5 6 6
 5 25 6
 6 7 6
 6 26 6
 7 8 9
 7 27 5
 8 9 8
 8 28 1
 9 10 9
 9 29 6
 10 11 45
 10 30 2
 11 12 39
 11 31 8
 12 13 8
 12 32 40
 13 14 5
 13 33 7
 14 15 3
 14 34 41
 15 16 9
 15 35 8
 16 17 9
 16 36 8
 17 18 7
 17 37 8
 18 19 38
 18 38 7
 19 20 7
 19 39 37
 20 40 9
 21 22 6
 21 41 7
 22 23 8
 22 42 8
 23 24 6
 23 43 8
 24 25 4
 24 44 5
 25 26 42
 25 45 44
 26 27 5
 26 46 5
 27 28 8
 27 47 4
 28 29 3
 28 48 4
 29 30 8
 29 49 2
 30 31 4
 30 50 6
 31 32 7
 31 51 5
 32 33 45
 32 52 44
 33 34 41
 33 53 43
 34 35 9
 34 54 38
 35 36 3
 35 55 1
 36 37 7
 36 56 8
 37 38 3
 37 57 42
 38 39 2
 38 58 6
 39 40 3
 39 59 3
 40 60 8
 41 42 4
 41 61 43
 42 43 6
 42 62 7
 43 44 6
 43 63 1
 44 45 44
 44 64 40
 45 46 6
 45 65 3
 46 47 4
 46 66 4
 47 48 4
 47 67 7
 48 49 1
 48 68 41
 49 50 6
 49 69 5
 50 51 4
 50 70 5
 51 52 44
 51 71 44
 52 53 41
 52 72 6
 53 54 38
 53 73 8
 54 55 5
 54 74 40
 55 56 2
 55 75 4
 56 57 9
 56 76 2
 57 58 7
 57 77 39
 58 59 1
 58 78 8
 59 60 9
 59 79 3
 60 80 2
 61 62 37
 61 81 37
 62 63 43
 62 82 3
 63 64 43
 63 83 9
 64 65 1
 64 84 45
 65 66 1
 65 85 1
 66 67 2
 66 86 39
 67 68 6
 67 87 6
 68 69 9
 68 88 9
 69 70 9
 69 89 4
 70 71 3
 70 90 3
 71 72 1
 71 91 1
 72 73 9
 72 92 7
 73 74 6
 73 93 7
 74 75 2
 74 94 6
 75 76 1
 75 95 1
 76 77 9
 76 96 4
 77 78 44
 77 97 1
 78 79 7
 78 98 41
 79 80 8
 79 99 1
 80 100 44
 81 82 7
 81 101 42
 82 83 9
 82 102 7
 83 84 3
 83 103 4
 84 85 45
 84 104 42
 85 86 43
 85 105 4
 86 87 39
 86 106 43
 87 88 7
 87 107 43
 88 89 9
 88 108 5
 89 90 9
 89 109 5
 90 91 1
 90 110 2
 91 92 1
 91 111 1
 92 93 39
 92 112 37
 93 94 8
 93 113 3
 94 95 6
 94 114 3
 95 96 1
 95 115 9
 96 97 7
 96 116 41
 97 98 6
 97 117 8
 98 99 6
 98 118 43
 99 100 8
 99 119 9
 100 120 42
 101 102 44
 101 121 9
 102 103 9
 102 122 2
 103 104 8
 103 123 7
 104 105 9
 104 124 7
 105 106 3
 105 125 6
 106 107 38
 106 126 9
 107 108 3
 107 127 1
 108 109 9
 108 128 1
 109 110 5
 109 129 7
 110 111 37
 110 130 6
 111 112 41
 111 131 42
 112 113 8
 112 132 9
 113 114 1
 113 133 8
 114 115 3
 114 134 9
 115 116 3
 115 135 9
 116 117 40
 116 136 5
 117 118 43
 117 137 37
 118 119 39
 118 138 4
 119 120 38
 119 139 1
 120 140 1
 121 122 6
 121 141 6
 122 123 7
 122 142 6
 123 124 5
 123 143 2
 124 125 6
 124 144 5
 125 126 3
 125 145 3
 126 127 5
 126 146 3
 127 128 6
 127 147 5
 128 129 6
 128 148 8
 129 130 1
 129 149 5
 130 131 8
 130 150 4
 131 132 5
 131 151 45
 132 133 1
 132 152 4
 133 134 2
 133 153 4
 134 135 2
 134 154 4
 135 136 7
 135 155 8
 136 137 5
 136 156 9
 137 138 4
 137 157 3
 138 139 5
 138 158 2
 139 140 3
 139 159 5
 140 160 4
 141 142 9
 141 161 8
 142 143 8
 142 162 4
 143 144 9
 143 163 41
 144 145 4
 144 164 2
 145 146 38
 145 165 44
 146 147 45
 146 166 45
 147 148 42
 147 167 40
 148 149 1
 148 168 6
 149 150 7
 149 169 8
 150 151 5
 150 170 9
 151 152 40
 151 171 41
 152 153 40
 152 172 5
 153 154 3
 153 173 1
 154 155 6
 154 174 5
 155 156 8
 155 175 8
 156 157 5
 156 176 9
 157 158 2
 157 177 2
 158 159 8
 158 178 8
 159 160 8
 159 179 4
 160 180 6
 161 162 8
 161 181 3
 162 163 2
 162 182 5
 163 164 41
 163 183 9
 164 165 37
 164 184 41
 165 166 43
 165 185 39
 166 167 39
 166 186 9
 167 168 9
 167 187 4
 168 169 8
 168 188 3
 169 170 4
 169 189 6
 170 171 38
 170 190 38
 171 172 3
 171 191 9
 172 173 1
 172 192 1
 173 174 8
 173 193 1
 174 175 3
 174 194 8
 175 176 7
 175 195 1
 176 177 9
 176 196 8
 177 178 6
 177 197 38
 178 179 7
 178 198 7
 179 180 3
 179 199 8
 180 200 3
 181 182 38
 181 201 8
 182 183 2
 182 202 7
 183 184 3
 183 203 6
 184 185 39
 184 204 5
 185 186 9
 185 205 7
 186 187 3
 186 206 1
 187 188 3
 187 207 2
 188 189 2
 188 208 4
 189 190 45
 189 209 45
 190 191 1
 190 210 39
 191 192 5
 191 211 7
 192 193 5
 192 212 6
 193 194 7
 193 213 2
 194 195 9
 194 214 1
 195 196 2
 195 215 4
 196 197 6
 196 216 9
 197 198 2
 197 217 45
 198 199 8
 198 218 3
 199 200 2
 199 219 37
 200 220 2
 201 202 2
 201 221 2
 202 203 1
 202 222 4
 203 204 7
 203 223 2
 204 205 3
 204 224 6
 205 206 3
 205 225 4
 206 207 6
 206 226 8
 207 208 4
 207 227 9
 208 209 1
 208 228 5
 209 210 43
 209 229 7
 210 211 7
 210 230 5
 211 212 9
 211 231 5
 212 213 3
 212 232 3
 213 214 44
 213 233 1
 214 215 42
 214 234 7
 215 216 5
 215 235 45
 216 217 6
 216 236 3
 217 218 8
 217 237 37
 218 219 6
 218 238 7
 219 220 39
 219 239 7
 220 240 39
 221 222 40
 221 241 7
 222 223 5
 222 242 2
 223 224 6
 223 243 1
 224 225 38
 224 244 38
 225 226 37
 225 245 38
 226 227 4
 226 246 6
 227 228 7
 227 247 2
 228 229 3
 228 248 8
 229 230 3
 229 249 9
 230 231 7
 230 250 3
 231 232 2
 231 251 1
 232 233 5
 232 252 2
 233 234 6
 233 253 9
 234 235 1
 234 254 4
 235 236 4
 235 255 43
 236 237 6
 236 256 6
 237 238 2
 237 257 38
 238 239 1
 238 258 4
 239 240 1
 239 259 4
 240 260 4
 241 242 4
 241 261 8
 242 243 2
 242 262 2
 243 244 3
 243 263 3
 244 245 39
 244 264 8
 245 246 9
 245 265 43
 246 247 9
 246 266 8
 247 248 8
 247 267 4
 248 249 8
 248 268 1
 249 250 8
 249 269 8
 250 251 40
 250 270 9
 251 252 2
 251 271 41
 252 253 4
 252 272 8
 253 254 5
 253 273 45
 254 255 1
 254 274 3
 255 256 9
 255 275 7
 256 257 1
 256 276 8
 257 258 39
 257 277 2
 258 259 6
 258 278 4
 259 260 6
 259 279 8
 260 280 8
 261 262 41
 261 281 38
 262 263 41
 262 282 40
 263 264 6
 263 283 8
 264 265 5
 264 284 5
 265 266 8
 265 285 45
 266 267 5
 266 286 8
 267 268 1
 267 287 4
 268 269 4
 268 288 9
 269 270 5
 269 289 8
 270 271 3
 270 290 7
 271 272 9
 271 291 38
 272 273 2
 272 292 8
 273 274 5
 273 293 42
 274 275 6
 274 294 3
 275 276 5
 275 295 4
 276 277 7
 276 296 4
 277 278 2
 277 297 9
 278 279 2
 278 298 8
 279 280 1
 279 299 2
 280 300 9
 281 282 40
 281 301 43
 282 283 2
 282 302 4
 283 284 4
 283 303 9
 284 285 45
 284 304 40
 285 286 9
 285 305 9
 286 287 8
 286 306 6
 287 288 6
 287 307 6
 288 289 7
 288 308 2
 289 290 3
 289 309 4
 290 291 5
 290 310 4
 291 292 40
 291 311 2
 292 293 40
 292 312 39
 293 294 41
 293 313 38
 294 295 41
 294 314 7
 295 296 38
 295 315 44
 296 297 4
 296 316 45
 297 298 4
 297 317 6
 298 299 40
 298 318 5
 299 300 6
 299 319 37
 300 320 7
 301 302 1
 301 321 7
 302 303 1
 302 322 1
 303 304 4
 303 323 6
 304 305 8
 304 324 8
 305 306 2
 305 325 2
 306 307 9
 306 326 7
 307 308 8
 307 327 1
 308 309 5
 308 328 8
 309 310 42
 309 329 43
 310 311 4
 310 330 2
 311 312 1
 311 331 2
 312 313 37
 312 332 44
 313 314 8
 313 333 37
 314 315 6
 314 334 9
 315 316 44
 315 335 40
 316 317 43
 316 336 4
 317 318 6
 317 337 41
 318 319 4
 318 338 6
 319 320 42
 319 339 38
 320 340 45
 321 322 4
 321 341 4
 322 323 8
 322 342 5
 323 324 9
 323 343 5
 324 325 4
 324 344 1
 325 326 6
 325 345 4
 326 327 9
 326 346 3
 327 328 2
 327 347 1
 328 329 4
 328 348 2
 329 330 7
 329 349 1
 330 331 3
 330 350 5
 331 332 1
 331 351 5
 332 333 44
 332 352 42
 333 334 39
 333 353 6
 334 335 45
 334 354 8
 335 336 8
 335 355 45
 336 337 3
 336 356 8
 337 338 44
 337 357 45
 338 339 40
 338 358 8
 339 340 44
 339 359 3
 340 360 7
 341 342 3
 341 361 8
 342 343 7
 342 362 7
 343 344 9
 343 363 42
 344 345 5
 344 364 2
 345 346 3
 345 365 8
 346 347 7
 346 366 2
 347 348 9
 347 367 4
 348 349 3
 348 368 44
 349 350 7
 349 369 6
 350 351 37
 350 370 7
 351 352 45
 351 371 1
 352 353 4
 352 372 1
 353 354 4
 353 373 6
 354 355 4
 354 374 8
 355 356 42
 355 375 4
 356 357 45
 356 376 43
 357 358 1
 357 377 9
 358 359 4
 358 378 9
 359 360 6
 359 379 9
 360 380 5
 361 362 4
 361 381 2
 362 363 3
 362 382 3
 363 364 40
 363 383 44
 364 365 7
 364 384 43
 365 366 4
 365 385 8
 366 367 42
 366 386 4
 367 368 41
 367 387 44
 368 369 45
 368 388 2
 369 370 7
 369 389 7
 370 371 5
 370 390 2
 371 372 4
 371 391 9
 372 373 6
 372 392 5
 373 374 6
 373 393 3
 374 375 8
 374 394 9
 375 376 4
 375 395 4
 376 377 5
 376 396 43
 377 378 4
 377 397 4
 378 379 7
 378 398 5
 379 380 8
 379 399 4
 380 400 9
 381 382 40
 382 383 38
 383 384 42
 384 385 4
 385 386 4
 386 387 2
 387 388 4
 388 389 5
 389 390 9
 390 391 37
 391 392 8
 392 393 5
 393 394 6
 394 395 6
 395 396 44
 396 397 1
 397 398 6
 398 399 1
 399 400 1