DIMACS2
16 1
 2
 3
 4
 5
 6
 7
 8
 9
 10
 11
 12
 13
 14
 15 16

p edge 80 632
e 1 5 300
e 1 9 299
e 1 11 301
e 1 15 300
e 1 18 201
e 1 21 195
e 1 22 204
e 1 24 203
e 1 27 198
e 1 33 191
e 1 39 203
e 1 46 211
e 1 51 201
e 1 58 193
e 1 60 200
e 1 62 194
e 1 66 199
e 1 67 210
e 1 70 201
e 1 77 200
e 1 78 203
e 2 7 302
e 2 10 304
e 2 15 303
e 2 18 194
e 2 29 190
e 2 38 205
e 2 39 203
e 2 49 204
e 2 52 205
e 2 66 199
e 2 70 203
e 2 74 206
e 2 75 195
e 2 79 202
e 2 80 190
e 3 9 294
e 3 11 297
e 3 28 193
e 3 31 204
e 3 32 195
e 3 40 207
e 3 48 197
e 3 60 199
e 3 62 195
e 3 75 193
e 4 14 301
e 4 15 300
e 4 18 213
e 4 23 203
e 4 25 200
e 4 26 197
e 4 33 202
e 4 37 196
e 4 45 189
e 4 47 201
e 4 52 199
e 4 54 201
e 4 59 193
e 4 66 194
e 4 70 212
e 4 71 190
e 4 73 200
e 4 79 203
e 5 7 298
e 5 17 201
e 5 24 214
e 5 26 204
e 5 28 201
e 5 29 191
e 5 36 203
e 5 39 202
e 5 42 202
e 5 48 205
e 5 50 201
e 5 51 201
e 5 53 195
e 5 55 200
e 5 56 196
e 5 62 207
e 5 66 204
e 5 74 203
e 5 75 206
e 5 79 191
e 6 11 307
e 6 16 292
e 6 18 197
e 6 31 199
e 6 42 202
e 6 56 194
e 6 70 198
e 6 79 204
e 7 10 300
e 7 11 297
e 7 20 192
e 7 24 191
e 7 28 201
e 7 31 195
e 7 37 201
e 7 38 208
e 7 53 195
e 7 58 205
e 7 60 197
e 7 64 193
e 7 65 188
e 7 72 196
e 7 74 198
e 7 77 196
e 8 37 195
e 8 42 189
e 8 45 204
e 8 48 200
e 8 51 191
e 8 52 201
e 8 58 196
e 8 61 207
e 8 62 198
e 8 65 204
e 8 66 201
e 8 73 192
e 8 74 188
e 8 76 197
e 9 11 293
e 9 12 296
e 9 13 296
e 9 14 301
e 9 21 204
e 9 27 204
e 9 29 196
e 9 33 199
e 9 34 199
e 9 35 202
e 9 36 195
e 9 38 207
e 9 46 204
e 9 50 196
e 9 51 188
e 9 63 206
e 9 72 197
e 9 74 204
e 9 75 206
e 9 76 196
e 10 22 201
e 10 30 201
e 10 31 196
e 10 34 197
e 10 38 205
e 10 40 195
e 10 42 202
e 10 44 195
e 10 51 198
e 10 59 207
e 10 70 201
e 10 74 203
e 11 15 294
e 11 17 207
e 11 20 199
e 11 24 206
e 11 27 206
e 11 36 201
e 11 43 196
e 11 48 193
e 11 59 183
e 11 60 205
e 11 64 208
e 11 67 198
e 11 71 200
e 11 73 196
e 11 79 200
e 12 17 199
e 12 19 210
e 12 20 201
e 12 42 198
e 12 47 198
e 12 70 198
e 12 72 189
e 12 77 197
e 12 80 197
e 13 24 202
e 13 28 200
e 13 32 199
e 13 33 207
e 13 34 196
e 13 36 203
e 13 41 203
e 13 46 200
e 13 49 191
e 13 50 201
e 13 55 195
e 13 70 202
e 13 76 210
e 13 78 188
e 13 79 199
e 13 80 190
e 14 18 204
e 14 19 204
e 14 21 196
e 14 23 205
e 14 32 201
e 14 34 206
e 14 37 197
e 14 47 198
e 14 50 195
e 14 58 193
e 14 59 204
e 14 61 207
e 14 63 210
e 14 64 199
e 14 66 192
e 14 68 191
e 14 69 196
e 14 72 202
e 14 74 200
e 15 26 205
e 15 31 193
e 15 32 193
e 15 37 206
e 15 41 198
e 15 44 193
e 15 46 198
e 15 54 205
e 15 61 202
e 15 67 203
e 15 74 197
e 16 17 202
e 16 18 203
e 16 28 195
e 16 29 202
e 16 32 207
e 16 35 202
e 16 47 198
e 16 48 205
e 16 49 204
e 16 54 204
e 16 56 202
e 16 64 197
e 16 77 198
e 17 21 100
e 17 23 99
e 17 31 109
e 17 36 98
e 17 37 105
e 17 40 106
e 17 43 99
e 17 46 97
e 17 47 101
e 17 49 95
e 17 52 97
e 17 55 104
e 17 64 93
e 17 65 94
e 17 77 107
e 17 78 102
e 17 79 98
e 18 25 96
e 18 31 102
e 18 32 103
e 18 33 92
e 18 35 99
e 18 41 99
e 18 43 98
e 18 44 105
e 18 45 98
e 18 52 95
e 18 63 92
e 18 70 96
e 19 22 102
e 19 27 102
e 19 28 100
e 19 35 103
e 19 37 98
e 19 40 106
e 19 46 97
e 19 47 95
e 19 51 105
e 19 57 91
e 19 60 109
e 19 65 96
e 19 66 104
e 19 72 102
e 19 75 99
e 19 78 98
e 20 28 95
e 20 37 103
e 20 47 104
e 20 50 94
e 20 54 100
e 20 55 106
e 20 67 102
e 20 71 99
e 20 77 99
e 21 22 98
e 21 24 97
e 21 35 98
e 21 46 99
e 21 55 99
e 21 59 97
e 21 60 107
e 21 61 98
e 21 64 96
e 21 70 100
e 21 75 97
e 22 27 100
e 22 31 98
e 22 34 94
e 22 36 100
e 22 37 107
e 22 41 103
e 22 55 95
e 22 70 103
e 22 78 101
e 22 80 92
e 23 30 103
e 23 37 104
e 23 38 98
e 23 40 102
e 23 44 105
e 23 48 101
e 23 51 102
e 23 54 98
e 23 57 105
e 23 61 110
e 24 25 103
e 24 26 98
e 24 36 99
e 24 39 100
e 24 49 95
e 24 52 95
e 24 55 100
e 24 59 100
e 24 61 97
e 24 75 104
e 25 33 97
e 25 34 95
e 25 44 99
e 25 45 99
e 25 47 90
e 25 48 107
e 25 53 98
e 25 54 98
e 25 57 104
e 25 63 105
e 25 65 98
e 25 68 97
e 25 69 102
e 25 72 99
e 25 77 106
e 25 79 99
e 25 80 99
e 26 29 93
e 26 38 107
e 26 39 102
e 26 42 103
e 26 46 97
e 26 49 91
e 26 52 94
e 26 53 91
e 26 55 98
e 26 58 93
e 26 60 101
e 26 74 103
e 26 78 106
e 26 79 94
e 27 29 103
e 27 36 99
e 27 39 103
e 27 45 100
e 27 49 102
e 27 53 94
e 27 57 99
e 27 58 96
e 27 61 107
e 27 63 104
e 27 66 96
e 27 68 98
e 27 74 108
e 27 80 103
e 28 34 101
e 28 36 102
e 28 39 97
e 28 42 98
e 28 45 103
e 28 46 98
e 28 47 92
e 28 49 106
e 28 55 102
e 28 61 99
e 28 65 93
e 28 67 99
e 28 69 97
e 28 73 89
e 28 79 100
e 28 80 98
e 29 33 102
e 29 44 93
e 29 58 104
e 29 80 94
e 30 42 97
e 30 44 98
e 30 52 108
e 30 57 96
e 30 62 96
e 30 65 89
e 30 66 102
e 30 71 107
e 30 73 97
e 30 76 101
e 31 34 101
e 31 42 99
e 31 46 106
e 31 58 97
e 31 64 107
e 31 70 99
e 32 54 102
e 32 58 101
e 32 61 97
e 32 62 98
e 32 68 93
e 32 72 104
e 32 76 102
e 32 77 95
e 33 36 99
e 33 48 93
e 33 49 97
e 33 65 97
e 33 70 93
e 33 72 104
e 33 75 100
e 33 79 99
e 34 37 91
e 34 40 104
e 34 41 98
e 34 46 97
e 34 51 97
e 34 53 103
e 34 61 98
e 34 64 104
e 34 68 90
e 34 72 91
e 35 37 93
e 35 40 95
e 35 44 105
e 35 48 96
e 35 51 99
e 35 62 98
e 35 63 94
e 35 67 99
e 35 68 108
e 35 72 100
e 35 73 96
e 35 75 96
e 35 76 99
e 35 77 102
e 35 79 97
e 36 43 106
e 36 46 104
e 36 47 99
e 36 50 96
e 36 59 110
e 36 77 99
e 36 78 96
e 37 41 98
e 37 54 100
e 37 55 100
e 37 56 101
e 38 47 104
e 38 50 108
e 38 55 104
e 38 57 95
e 38 59 104
e 38 62 101
e 38 75 103
e 38 78 99
e 39 42 106
e 39 46 99
e 39 49 103
e 39 51 91
e 39 55 100
e 39 56 94
e 39 63 104
e 39 65 101
e 39 66 100
e 39 67 101
e 39 69 105
e 39 72 103
e 39 75 98
e 40 45 98
e 40 48 102
e 40 54 105
e 40 56 97
e 40 62 100
e 40 66 95
e 41 45 92
e 41 46 95
e 41 52 93
e 41 58 94
e 41 61 102
e 41 73 104
e 41 79 100
e 42 45 99
e 42 53 99
e 42 57 95
e 42 58 96
e 42 73 102
e 42 76 101
e 43 46 101
e 43 54 106
e 43 57 93
e 43 59 100
e 43 62 101
e 43 67 102
e 43 74 96
e 44 49 97
e 44 53 95
e 44 69 104
e 44 76 102
e 44 77 102
e 44 79 105
e 45 48 98
e 45 52 98
e 45 63 102
e 45 64 98
e 45 68 96
e 45 70 98
e 45 71 101
e 45 76 97
e 45 77 100
e 46 56 92
e 46 57 99
e 46 60 98
e 46 64 105
e 46 80 102
e 47 56 102
e 47 57 96
e 47 59 97
e 47 62 99
e 47 68 102
e 47 75 111
e 47 76 104
e 47 79 98
e 47 80 112
e 48 51 98
e 48 57 107
e 48 62 95
e 48 65 103
e 48 69 97
e 48 78 95
e 49 64 105
e 49 74 95
e 50 62 102
e 50 63 97
e 50 68 105
e 50 74 108
e 50 79 103
e 51 54 97
e 51 60 100
e 51 64 108
e 51 68 96
e 51 79 103
e 52 53 103
e 52 57 100
e 52 69 98
e 52 73 104
e 52 77 99
e 53 54 96
e 53 57 94
e 53 60 99
e 53 72 94
e 53 79 100
e 54 65 102
e 54 66 94
e 54 69 101
e 54 71 106
e 54 72 100
e 54 77 90
e 55 58 105
e 55 68 103
e 55 74 87
e 55 77 99
e 56 67 95
e 56 68 95
e 56 79 92
e 57 59 107
e 57 60 97
e 57 66 100
e 57 72 106
e 57 79 95
e 58 68 98
e 58 71 97
e 58 75 101
e 59 60 103
e 59 61 99
e 59 63 97
e 60 80 94
e 61 63 105
e 61 68 105
e 61 75 94
e 61 76 95
e 62 71 94
e 62 73 94
e 62 74 107
e 62 75 89
e 62 79 99
e 63 67 90
e 63 78 96
e 63 79 95
e 64 66 102
e 64 72 107
e 64 73 98
e 64 75 102
e 64 80 91
e 65 68 104
e 65 78 96
e 66 69 91
e 66 71 109
e 66 74 105
e 66 80 98
e 67 69 99
e 68 69 102
e 68 73 110
e 68 79 102
e 69 77 93
e 69 78 95
e 70 72 95
e 71 74 90
e 71 77 99
e 71 79 97
e 72 80 97
e 73 77 101
e 74 80 103
e 75 77 108
e 76 79 102