DIMACS2
16 1
 2
 3
 4
 5
 6
 7
 8
 9
 10
 11
 12
 13
 14
 15 16

p edge 80 632
e 1 4 299
e 1 11 290
e 1 17 202
e 1 20 204
e 1 21 196
e 1 32 196
e 1 34 200
e 1 40 204
e 1 45 204
e 1 49 194
e 1 50 206
e 1 57 207
e 1 61 197
e 1 67 199
e 1 74 196
e 2 11 288
e 2 12 291
e 2 20 200
e 2 23 208
e 2 25 194
e 2 28 195
e 2 29 204
e 2 31 194
e 2 37 195
e 2 43 209
e 2 49 208
e 2 56 198
e 2 70 198
e 2 74 201
e 2 76 206
e 2 77 196
e 3 8 301
e 3 23 194
e 3 30 205
e 3 39 197
e 3 46 213
e 3 51 196
e 3 54 197
e 3 56 206
e 3 57 195
e 3 61 201
e 3 62 202
e 3 64 200
e 3 66 197
e 3 67 198
e 3 77 199
e 4 8 299
e 4 11 297
e 4 12 304
e 4 17 201
e 4 20 200
e 4 21 198
e 4 29 200
e 4 32 202
e 4 37 206
e 4 38 191
e 4 40 200
e 4 41 207
e 4 43 211
e 4 52 198
e 4 60 196
e 4 72 204
e 4 73 192
e 4 78 208
e 5 14 297
e 5 27 187
e 5 28 202
e 5 41 198
e 5 46 195
e 5 49 196
e 5 50 208
e 5 53 198
e 5 57 192
e 5 63 203
e 5 75 196
e 5 78 200
e 5 80 204
e 6 13 292
e 6 15 300
e 6 20 200
e 6 26 204
e 6 30 206
e 6 41 198
e 6 44 201
e 6 49 201
e 6 52 199
e 6 56 201
e 6 68 195
e 6 72 204
e 6 80 208
e 7 20 194
e 7 22 206
e 7 24 192
e 7 37 205
e 7 49 204
e 7 58 193
e 7 60 191
e 7 62 211
e 7 67 202
e 7 69 206
e 7 70 186
e 7 74 200
e 8 9 296
e 8 11 304
e 8 15 296
e 8 16 300
e 8 18 203
e 8 24 196
e 8 25 201
e 8 34 199
e 8 35 194
e 8 44 198
e 8 51 199
e 8 56 201
e 8 66 193
e 8 72 196
e 9 11 298
e 9 13 297
e 9 18 209
e 9 23 200
e 9 25 197
e 9 29 202
e 9 30 203
e 9 44 206
e 9 48 197
e 9 52 195
e 9 58 196
e 9 63 195
e 9 65 200
e 9 69 192
e 9 70 191
e 9 79 190
e 9 80 205
e 10 27 196
e 10 39 207
e 10 46 197
e 10 57 198
e 10 69 198
e 10 70 208
e 10 78 201
e 11 22 203
e 11 23 194
e 11 30 199
e 11 36 198
e 11 38 203
e 11 48 189
e 11 50 203
e 11 61 196
e 11 63 209
e 11 64 201
e 11 66 205
e 11 69 205
e 11 70 198
e 11 72 201
e 11 75 203
e 11 79 205
e 12 17 192
e 12 18 195
e 12 23 204
e 12 27 201
e 12 31 198
e 12 32 205
e 12 40 198
e 12 49 197
e 12 52 200
e 12 54 198
e 12 56 202
e 12 62 202
e 12 67 202
e 12 71 205
e 12 75 197
e 12 76 202
e 12 79 195
e 13 18 200
e 13 20 198
e 13 24 198
e 13 27 198
e 13 29 200
e 13 43 201
e 13 48 202
e 13 55 198
e 13 56 191
e 13 65 196
e 13 66 196
e 13 69 192
e 13 70 207
e 13 75 195
e 13 78 198
e 14 22 194
e 14 26 200
e 14 38 197
e 14 50 207
e 14 51 206
e 14 53 195
e 14 63 195
e 14 70 208
e 14 77 199
e 15 17 197
e 15 22 201
e 15 23 204
e 15 25 203
e 15 34 201
e 15 42 206
e 15 50 204
e 15 54 199
e 15 55 208
e 15 60 202
e 15 61 202
e 15 62 199
e 15 65 204
e 15 68 203
e 15 75 202
e 15 77 205
e 16 21 205
e 16 29 193
e 16 31 195
e 16 37 191
e 16 38 195
e 16 39 195
e 16 45 209
e 16 46 209
e 16 48 194
e 16 50 202
e 16 53 202
e 16 56 199
e 16 60 207
e 16 63 198
e 16 67 199
e 16 73 204
e 16 74 202
e 17 19 82
e 17 20 100
e 17 26 96
e 17 30 99
e 17 39 99
e 17 41 92
e 17 42 104
e 17 48 100
e 17 61 94
e 17 64 94
e 17 69 101
e 17 70 99
e 17 73 97
e 18 26 93
e 18 36 97
e 18 39 97
e 18 66 99
e 18 68 91
e 18 73 103
e 18 76 97
e 18 78 94
e 19 20 105
e 19 21 91
e 19 25 101
e 19 38 100
e 19 42 103
e 19 50 99
e 19 52 98
e 19 58 98
e 19 62 99
e 19 75 102
e 19 76 103
e 19 77 106
e 19 78 96
e 20 27 95
e 20 35 101
e 20 38 104
e 20 40 101
e 20 54 100
e 20 57 109
e 20 70 99
e 20 71 105
e 20 72 97
e 20 77 98
e 20 80 104
e 21 26 97
e 21 28 103
e 21 29 93
e 21 34 101
e 21 41 101
e 21 42 93
e 21 43 103
e 21 51 92
e 21 54 98
e 21 56 95
e 21 57 92
e 21 70 102
e 21 79 102
e 22 31 100
e 22 33 105
e 22 39 93
e 22 45 102
e 22 54 101
e 22 55 91
e 22 56 97
e 22 64 105
e 22 73 99
e 22 74 92
e 23 29 101
e 23 33 94
e 23 35 102
e 23 39 99
e 23 41 99
e 23 42 98
e 23 44 95
e 23 45 110
e 23 53 100
e 23 55 95
e 23 58 99
e 23 60 93
e 23 61 105
e 23 64 97
e 23 69 101
e 23 77 104
e 23 79 101
e 24 25 98
e 24 27 109
e 24 35 102
e 24 44 94
e 24 50 96
e 24 51 103
e 24 54 93
e 24 62 96
e 24 64 108
e 24 72 102
e 24 73 102
e 24 77 94
e 25 37 102
e 25 38 100
e 25 39 98
e 25 40 98
e 25 42 94
e 25 43 91
e 25 47 104
e 25 62 94
e 25 68 117
e 26 29 101
e 26 38 95
e 26 39 104
e 26 51 102
e 26 60 102
e 26 72 96
e 26 74 107
e 26 77 100
e 26 78 101
e 27 37 98
e 27 39 98
e 27 42 97
e 27 53 96
e 27 66 96
e 27 68 93
e 27 71 101
e 27 72 102
e 27 74 101
e 27 80 95
e 28 34 108
e 28 46 97
e 28 48 99
e 28 52 97
e 28 59 104
e 28 70 95
e 28 72 99
e 28 74 109
e 28 76 112
e 28 77 104
e 28 79 92
e 29 43 108
e 29 46 104
e 29 49 96
e 29 54 96
e 29 58 99
e 29 62 109
e 29 70 107
e 29 76 99
e 29 80 99
e 30 35 96
e 30 61 105
e 30 62 98
e 30 63 96
e 30 64 109
e 30 70 90
e 30 72 102
e 30 75 102
e 30 76 103
e 31 32 97
e 31 33 94
e 31 34 101
e 31 52 99
e 31 54 94
e 31 56 96
e 31 58 94
e 31 59 96
e 31 60 99
e 31 63 103
e 31 77 98
e 31 80 101
e 32 37 92
e 32 47 97
e 32 59 99
e 32 65 100
e 32 75 108
e 32 76 101
e 32 78 106
e 33 37 95
e 33 44 108
e 33 45 102
e 33 47 98
e 33 49 99
e 33 58 101
e 33 62 99
e 33 65 113
e 33 71 98
e 33 75 97
e 33 76 99
e 33 77 102
e 33 79 102
e 34 38 104
e 34 39 105
e 34 43 109
e 34 50 96
e 34 52 98
e 34 57 97
e 34 63 100
e 34 66 101
e 34 71 97
e 34 78 92
e 34 79 100
e 35 40 101
e 35 47 106
e 35 56 107
e 35 57 103
e 35 59 95
e 36 45 88
e 36 58 108
e 36 61 94
e 36 71 102
e 36 80 100
e 37 39 102
e 37 43 108
e 37 45 88
e 37 47 99
e 37 51 99
e 37 55 103
e 37 61 102
e 37 62 101
e 37 68 98
e 37 71 102
e 37 79 101
e 38 39 105
e 38 40 94
e 38 54 98
e 38 70 102
e 38 78 96
e 39 46 101
e 39 64 106
e 39 71 107
e 39 75 101
e 39 76 94
e 39 77 96
e 39 79 92
e 40 51 96
e 40 61 93
e 40 69 89
e 40 73 96
e 41 44 104
e 41 50 92
e 41 51 105
e 41 58 103
e 41 59 87
e 41 64 106
e 41 67 103
e 42 43 102
e 42 49 99
e 42 52 103
e 42 53 99
e 42 64 101
e 42 70 100
e 42 71 96
e 42 80 103
e 43 44 94
e 43 47 94
e 43 48 100
e 43 54 101
e 43 56 97
e 43 57 98
e 43 59 95
e 43 63 101
e 43 68 108
e 43 69 94
e 43 73 102
e 43 74 94
e 43 80 97
e 44 45 100
e 44 46 94
e 44 50 103
e 44 59 98
e 44 64 99
e 44 67 97
e 44 73 100
e 44 75 90
e 45 46 94
e 45 48 99
e 45 65 101
e 45 67 99
e 45 70 93
e 45 73 100
e 45 78 100
e 46 52 102
e 46 60 91
e 46 62 96
e 46 65 104
e 46 68 105
e 46 72 101
e 46 77 102
e 47 58 87
e 47 59 103
e 47 63 104
e 47 76 101
e 48 56 99
e 48 59 104
e 48 61 107
e 48 64 98
e 48 66 101
e 48 75 94
e 49 51 98
e 49 55 107
e 49 60 96
e 49 65 96
e 49 66 99
e 49 70 109
e 49 80 99
e 50 55 104
e 50 59 99
e 50 62 100
e 50 63 102
e 50 67 95
e 50 72 98
e 50 73 105
e 50 80 102
e 51 60 103
e 51 62 86
e 51 68 95
e 51 76 101
e 52 54 99
e 52 56 106
e 52 60 102
e 52 62 102
e 52 68 94
e 52 69 103
e 52 75 102
e 53 54 108
e 53 58 92
e 53 68 99
e 53 75 100
e 53 77 95
e 54 58 98
e 54 59 97
e 54 71 94
e 54 73 101
e 55 56 101
e 55 60 107
e 55 61 103
e 55 65 106
e 55 66 98
e 55 72 96
e 55 73 91
e 55 77 99
e 56 58 88
e 56 64 101
e 57 60 96
e 57 65 98
e 57 67 101
e 57 68 106
e 57 73 103
e 57 74 98
e 57 80 115
e 58 60 98
e 58 63 93
e 58 64 98
e 58 66 113
e 58 77 100
e 58 78 91
e 58 80 98
e 59 62 95
e 60 68 105
e 60 69 92
e 60 72 95
e 60 74 97
e 61 63 97
e 61 65 109
e 61 73 107
e 61 74 96
e 61 78 104
e 61 80 106
e 62 79 95
e 63 65 99
e 63 70 98
e 63 75 105
e 63 77 98
e 64 71 100
e 65 66 102
e 65 67 100
e 65 69 96
e 65 71 100
e 65 73 109
e 66 67 96
e 66 71 92
e 66 74 101
e 67 76 107
e 68 70 87
e 68 76 98
e 69 70 101
e 69 71 104
e 69 73 92
e 69 76 98
e 69 78 101
e 70 73 98
e 70 75 100
e 72 78 102
e 72 79 96
e 73 74 90
e 73 80 104
e 74 75 106
e 74 76 106
e 75 76 105
e 75 77 95
e 75 80 93
e 76 77 102
e 76 79 99
e 76 80 96
e 77 78 92
e 79 80 105