DIMACS2
16 1
 2
 3
 4
 5
 6
 7
 8
 9
 10
 11
 12
 13
 14
 15 16

p edge 80 3160
e 1 2 300
e 1 3 305
e 1 4 291
e 1 5 291
e 1 6 292
e 1 7 300
e 1 8 300
e 1 9 292
e 1 10 298
e 1 11 297
e 1 12 312
e 1 13 300
e 1 14 299
e 1 15 291
e 1 16 295
e 1 17 194
e 1 18 199
e 1 19 202
e 1 20 203
e 1 21 196
e 1 22 196
e 1 23 206
e 1 24 192
e 1 25 200
e 1 26 192
e 1 27 202
e 1 28 204
e 1 29 197
e 1 30 196
e 1 31 199
e 1 32 194
e 1 33 203
e 1 34 196
e 1 35 207
e 1 36 201
e 1 37 207
e 1 38 199
e 1 39 200
e 1 40 198
e 1 41 199
e 1 42 196
e 1 43 198
e 1 44 205
e 1 45 200
e 1 46 198
e 1 47 200
e 1 48 192
e 1 49 200
e 1 50 197
e 1 51 205
e 1 52 193
e 1 53 199
e 1 54 198
e 1 55 194
e 1 56 193
e 1 57 195
e 1 58 199
e 1 59 207
e 1 60 200
e 1 61 202
e 1 62 212
e 1 63 192
e 1 64 197
e 1 65 191
e 1 66 199
e 1 67 192
e 1 68 201
e 1 69 201
e 1 70 196
e 1 71 201
e 1 72 203
e 1 73 202
e 1 74 193
e 1 75 198
e 1 76 205
e 1 77 208
e 1 78 204
e 1 79 199
e 1 80 206
e 2 3 300
e 2 4 298
e 2 5 303
e 2 6 302
e 2 7 294
e 2 8 303
e 2 9 288
e 2 10 301
e 2 11 295
e 2 12 298
e 2 13 296
e 2 14 300
e 2 15 301
e 2 16 298
e 2 17 207
e 2 18 192
e 2 19 199
e 2 20 203
e 2 21 199
e 2 22 189
e 2 23 213
e 2 24 189
e 2 25 199
e 2 26 194
e 2 27 204
e 2 28 201
e 2 29 199
e 2 30 200
e 2 31 201
e 2 32 201
e 2 33 204
e 2 34 204
e 2 35 202
e 2 36 203
e 2 37 197
e 2 38 200
e 2 39 194
e 2 40 198
e 2 41 208
e 2 42 201
e 2 43 190
e 2 44 197
e 2 45 198
e 2 46 197
e 2 47 195
e 2 48 193
e 2 49 197
e 2 50 200
e 2 51 188
e 2 52 190
e 2 53 192
e 2 54 197
e 2 55 195
e 2 56 190
e 2 57 190
e 2 58 203
e 2 59 199
e 2 60 190
e 2 61 196
e 2 62 199
e 2 63 198
e 2 64 200
e 2 65 209
e 2 66 194
e 2 67 190
e 2 68 203
e 2 69 206
e 2 70 200
e 2 71 204
e 2 72 204
e 2 73 194
e 2 74 192
e 2 75 199
e 2 76 198
e 2 77 198
e 2 78 198
e 2 79 200
e 2 80 197
e 3 4 302
e 3 5 294
e 3 6 292
e 3 7 295
e 3 8 288
e 3 9 307
e 3 10 296
e 3 11 306
e 3 12 301
e 3 13 296
e 3 14 302
e 3 15 302
e 3 16 305
e 3 17 193
e 3 18 202
e 3 19 202
e 3 20 188
e 3 21 199
e 3 22 194
e 3 23 198
e 3 24 193
e 3 25 211
e 3 26 198
e 3 27 194
e 3 28 198
e 3 29 195
e 3 30 206
e 3 31 194
e 3 32 201
e 3 33 192
e 3 34 206
e 3 35 208
e 3 36 193
e 3 37 194
e 3 38 202
e 3 39 194
e 3 40 200
e 3 41 198
e 3 42 198
e 3 43 203
e 3 44 206
e 3 45 202
e 3 46 203
e 3 47 203
e 3 48 206
e 3 49 201
e 3 50 206
e 3 51 200
e 3 52 206
e 3 53 206
e 3 54 201
e 3 55 189
e 3 56 203
e 3 57 206
e 3 58 209
e 3 59 194
e 3 60 209
e 3 61 203
e 3 62 191
e 3 63 196
e 3 64 203
e 3 65 202
e 3 66 200
e 3 67 210
e 3 68 197
e 3 69 199
e 3 70 191
e 3 71 201
e 3 72 212
e 3 73 201
e 3 74 202
e 3 75 204
e 3 76 205
e 3 77 199
e 3 78 201
e 3 79 193
e 3 80 202
e 4 5 297
e 4 6 296
e 4 7 301
e 4 8 297
e 4 9 303
e 4 10 303
e 4 11 301
e 4 12 294
e 4 13 304
e 4 14 297
e 4 15 310
e 4 16 296
e 4 17 203
e 4 18 197
e 4 19 192
e 4 20 199
e 4 21 192
e 4 22 207
e 4 23 197
e 4 24 204
e 4 25 197
e 4 26 200
e 4 27 208
e 4 28 206
e 4 29 199
e 4 30 202
e 4 31 192
e 4 32 208
e 4 33 196
e 4 34 202
e 4 35 197
e 4 36 191
e 4 37 199
e 4 38 198
e 4 39 207
e 4 40 201
e 4 41 204
e 4 42 189
e 4 43 200
e 4 44 206
e 4 45 198
e 4 46 200
e 4 47 200
e 4 48 201
e 4 49 197
e 4 50 201
e 4 51 205
e 4 52 198
e 4 53 204
e 4 54 199
e 4 55 198
e 4 56 194
e 4 57 195
e 4 58 205
e 4 59 201
e 4 60 194
e 4 61 207
e 4 62 195
e 4 63 203
e 4 64 199
e 4 65 200
e 4 66 200
e 4 67 199
e 4 68 204
e 4 69 205
e 4 70 201
e 4 71 200
e 4 72 202
e 4 73 194
e 4 74 196
e 4 75 195
e 4 76 205
e 4 77 202
e 4 78 197
e 4 79 203
e 4 80 199
e 5 6 302
e 5 7 296
e 5 8 305
e 5 9 300
e 5 10 290
e 5 11 292
e 5 12 298
e 5 13 296
e 5 14 298
e 5 15 300
e 5 16 293
e 5 17 196
e 5 18 198
e 5 19 203
e 5 20 192
e 5 21 198
e 5 22 202
e 5 23 198
e 5 24 202
e 5 25 200
e 5 26 199
e 5 27 194
e 5 28 192
e 5 29 200
e 5 30 195
e 5 31 195
e 5 32 191
e 5 33 203
e 5 34 198
e 5 35 202
e 5 36 206
e 5 37 201
e 5 38 194
e 5 39 203
e 5 40 202
e 5 41 197
e 5 42 199
e 5 43 195
e 5 44 194
e 5 45 197
e 5 46 189
e 5 47 192
e 5 48 202
e 5 49 201
e 5 50 199
e 5 51 195
e 5 52 192
e 5 53 205
e 5 54 205
e 5 55 192
e 5 56 193
e 5 57 207
e 5 58 193
e 5 59 199
e 5 60 195
e 5 61 202
e 5 62 199
e 5 63 186
e 5 64 200
e 5 65 206
e 5 66 198
e 5 67 192
e 5 68 199
e 5 69 201
e 5 70 198
e 5 71 199
e 5 72 192
e 5 73 192
e 5 74 198
e 5 75 201
e 5 76 196
e 5 77 204
e 5 78 194
e 5 79 196
e 5 80 194
e 6 7 289
e 6 8 304
e 6 9 304
e 6 10 297
e 6 11 295
e 6 12 297
e 6 13 294
e 6 14 303
e 6 15 296
e 6 16 301
e 6 17 197
e 6 18 198
e 6 19 206
e 6 20 202
e 6 21 194
e 6 22 206
e 6 23 201
e 6 24 203
e 6 25 201
e 6 26 208
e 6 27 202
e 6 28 207
e 6 29 199
e 6 30 191
e 6 31 201
e 6 32 203
e 6 33 197
e 6 34 200
e 6 35 207
e 6 36 197
e 6 37 195
e 6 38 200
e 6 39 196
e 6 40 198
e 6 41 196
e 6 42 200
e 6 43 191
e 6 44 194
e 6 45 206
e 6 46 202
e 6 47 193
e 6 48 199
e 6 49 204
e 6 50 197
e 6 51 208
e 6 52 204
e 6 53 201
e 6 54 196
e 6 55 198
e 6 56 189
e 6 57 197
e 6 58 203
e 6 59 209
e 6 60 197
e 6 61 206
e 6 62 197
e 6 63 193
e 6 64 201
e 6 65 195
e 6 66 202
e 6 67 202
e 6 68 203
e 6 69 197
e 6 70 194
e 6 71 192
e 6 72 209
e 6 73 199
e 6 74 201
e 6 75 197
e 6 76 204
e 6 77 208
e 6 78 197
e 6 79 198
e 6 80 194
e 7 8 300
e 7 9 299
e 7 10 303
e 7 11 293
e 7 12 299
e 7 13 304
e 7 14 299
e 7 15 304
e 7 16 293
e 7 17 196
e 7 18 207
e 7 19 204
e 7 20 200
e 7 21 203
e 7 22 197
e 7 23 200
e 7 24 203
e 7 25 196
e 7 26 205
e 7 27 195
e 7 28 199
e 7 29 205
e 7 30 198
e 7 31 200
e 7 32 205
e 7 33 201
e 7 34 199
e 7 35 204
e 7 36 197
e 7 37 198
e 7 38 196
e 7 39 194
e 7 40 201
e 7 41 195
e 7 42 199
e 7 43 201
e 7 44 198
e 7 45 202
e 7 46 196
e 7 47 193
e 7 48 191
e 7 49 199
e 7 50 205
e 7 51 197
e 7 52 197
e 7 53 204
e 7 54 200
e 7 55 211
e 7 56 206
e 7 57 202
e 7 58 196
e 7 59 195
e 7 60 200
e 7 61 205
e 7 62 199
e 7 63 199
e 7 64 199
e 7 65 213
e 7 66 205
e 7 67 192
e 7 68 202
e 7 69 199
e 7 70 204
e 7 71 200
e 7 72 201
e 7 73 203
e 7 74 201
e 7 75 205
e 7 76 198
e 7 77 196
e 7 78 203
e 7 79 210
e 7 80 201
e 8 9 305
e 8 10 291
e 8 11 309
e 8 12 304
e 8 13 307
e 8 14 305
e 8 15 296
e 8 16 296
e 8 17 191
e 8 18 198
e 8 19 199
e 8 20 198
e 8 21 196
e 8 22 190
e 8 23 203
e 8 24 202
e 8 25 200
e 8 26 199
e 8 27 204
e 8 28 202
e 8 29 192
e 8 30 193
e 8 31 210
e 8 32 191
e 8 33 206
e 8 34 197
e 8 35 202
e 8 36 203
e 8 37 192
e 8 38 199
e 8 39 200
e 8 40 201
e 8 41 207
e 8 42 194
e 8 43 197
e 8 44 196
e 8 45 204
e 8 46 206
e 8 47 186
e 8 48 204
e 8 49 192
e 8 50 206
e 8 51 189
e 8 52 197
e 8 53 202
e 8 54 204
e 8 55 195
e 8 56 208
e 8 57 203
e 8 58 190
e 8 59 198
e 8 60 206
e 8 61 205
e 8 62 202
e 8 63 198
e 8 64 202
e 8 65 189
e 8 66 195
e 8 67 200
e 8 68 195
e 8 69 199
e 8 70 201
e 8 71 202
e 8 72 205
e 8 73 193
e 8 74 205
e 8 75 198
e 8 76 201
e 8 77 203
e 8 78 197
e 8 79 199
e 8 80 199
e 9 10 298
e 9 11 294
e 9 12 302
e 9 13 305
e 9 14 306
e 9 15 306
e 9 16 296
e 9 17 208
e 9 18 200
e 9 19 195
e 9 20 192
e 9 21 198
e 9 22 205
e 9 23 200
e 9 24 203
e 9 25 206
e 9 26 194
e 9 27 192
e 9 28 191
e 9 29 194
e 9 30 192
e 9 31 198
e 9 32 198
e 9 33 195
e 9 34 199
e 9 35 198
e 9 36 202
e 9 37 197
e 9 38 203
e 9 39 195
e 9 40 194
e 9 41 196
e 9 42 195
e 9 43 201
e 9 44 200
e 9 45 199
e 9 46 203
e 9 47 195
e 9 48 186
e 9 49 202
e 9 50 191
e 9 51 197
e 9 52 194
e 9 53 201
e 9 54 194
e 9 55 205
e 9 56 196
e 9 57 206
e 9 58 196
e 9 59 196
e 9 60 202
e 9 61 194
e 9 62 201
e 9 63 208
e 9 64 202
e 9 65 205
e 9 66 202
e 9 67 205
e 9 68 207
e 9 69 196
e 9 70 198
e 9 71 199
e 9 72 192
e 9 73 206
e 9 74 203
e 9 75 198
e 9 76 195
e 9 77 201
e 9 78 206
e 9 79 207
e 9 80 195
e 10 11 300
e 10 12 300
e 10 13 298
e 10 14 302
e 10 15 289
e 10 16 301
e 10 17 211
e 10 18 206
e 10 19 201
e 10 20 201
e 10 21 206
e 10 22 201
e 10 23 206
e 10 24 198
e 10 25 190
e 10 26 207
e 10 27 196
e 10 28 203
e 10 29 204
e 10 30 201
e 10 31 205
e 10 32 202
e 10 33 199
e 10 34 206
e 10 35 201
e 10 36 193
e 10 37 197
e 10 38 196
e 10 39 195
e 10 40 202
e 10 41 202
e 10 42 204
e 10 43 195
e 10 44 209
e 10 45 207
e 10 46 200
e 10 47 209
e 10 48 199
e 10 49 208
e 10 50 200
e 10 51 201
e 10 52 193
e 10 53 201
e 10 54 203
e 10 55 193
e 10 56 199
e 10 57 195
e 10 58 198
e 10 59 197
e 10 60 184
e 10 61 205
e 10 62 201
e 10 63 198
e 10 64 200
e 10 65 206
e 10 66 204
e 10 67 206
e 10 68 203
e 10 69 190
e 10 70 197
e 10 71 195
e 10 72 206
e 10 73 199
e 10 74 192
e 10 75 207
e 10 76 202
e 10 77 189
e 10 78 200
e 10 79 203
e 10 80 203
e 11 12 305
e 11 13 298
e 11 14 297
e 11 15 300
e 11 16 289
e 11 17 194
e 11 18 205
e 11 19 212
e 11 20 198
e 11 21 186
e 11 22 202
e 11 23 193
e 11 24 195
e 11 25 193
e 11 26 204
e 11 27 202
e 11 28 207
e 11 29 192
e 11 30 195
e 11 31 196
e 11 32 202
e 11 33 203
e 11 34 200
e 11 35 198
e 11 36 197
e 11 37 193
e 11 38 196
e 11 39 193
e 11 40 201
e 11 41 203
e 11 42 200
e 11 43 203
e 11 44 204
e 11 45 196
e 11 46 194
e 11 47 205
e 11 48 207
e 11 49 203
e 11 50 204
e 11 51 203
e 11 52 201
e 11 53 197
e 11 54 195
e 11 55 198
e 11 56 207
e 11 57 191
e 11 58 198
e 11 59 212
e 11 60 198
e 11 61 185
e 11 62 197
e 11 63 199
e 11 64 193
e 11 65 205
e 11 66 207
e 11 67 194
e 11 68 196
e 11 69 199
e 11 70 197
e 11 71 201
e 11 72 198
e 11 73 199
e 11 74 201
e 11 75 198
e 11 76 211
e 11 77 200
e 11 78 202
e 11 79 195
e 11 80 201
e 12 13 296
e 12 14 300
e 12 15 302
e 12 16 296
e 12 17 195
e 12 18 200
e 12 19 192
e 12 20 201
e 12 21 204
e 12 22 194
e 12 23 195
e 12 24 194
e 12 25 206
e 12 26 198
e 12 27 202
e 12 28 199
e 12 29 196
e 12 30 194
e 12 31 192
e 12 32 202
e 12 33 204
e 12 34 207
e 12 35 199
e 12 36 191
e 12 37 213
e 12 38 199
e 12 39 199
e 12 40 194
e 12 41 196
e 12 42 193
e 12 43 205
e 12 44 207
e 12 45 198
e 12 46 195
e 12 47 200
e 12 48 198
e 12 49 196
e 12 50 200
e 12 51 208
e 12 52 205
e 12 53 202
e 12 54 197
e 12 55 195
e 12 56 188
e 12 57 197
e 12 58 201
e 12 59 194
e 12 60 197
e 12 61 191
e 12 62 196
e 12 63 202
e 12 64 201
e 12 65 208
e 12 66 198
e 12 67 202
e 12 68 202
e 12 69 193
e 12 70 208
e 12 71 200
e 12 72 203
e 12 73 202
e 12 74 198
e 12 75 210
e 12 76 204
e 12 77 215
e 12 78 201
e 12 79 194
e 12 80 208
e 13 14 305
e 13 15 300
e 13 16 297
e 13 17 205
e 13 18 198
e 13 19 195
e 13 20 193
e 13 21 199
e 13 22 199
e 13 23 197
e 13 24 206
e 13 25 204
e 13 26 202
e 13 27 194
e 13 28 196
e 13 29 200
e 13 30 194
e 13 31 195
e 13 32 205
e 13 33 199
e 13 34 202
e 13 35 204
e 13 36 198
e 13 37 195
e 13 38 206
e 13 39 209
e 13 40 208
e 13 41 191
e 13 42 204
e 13 43 192
e 13 44 198
e 13 45 197
e 13 46 199
e 13 47 200
e 13 48 190
e 13 49 193
e 13 50 198
e 13 51 205
e 13 52 204
e 13 53 199
e 13 54 201
e 13 55 194
e 13 56 194
e 13 57 200
e 13 58 199
e 13 59 200
e 13 60 203
e 13 61 208
e 13 62 199
e 13 63 205
e 13 64 199
e 13 65 199
e 13 66 208
e 13 67 198
e 13 68 195
e 13 69 199
e 13 70 200
e 13 71 202
e 13 72 209
e 13 73 192
e 13 74 202
e 13 75 198
e 13 76 190
e 13 77 201
e 13 78 201
e 13 79 211
e 13 80 204
e 14 15 291
e 14 16 295
e 14 17 202
e 14 18 210
e 14 19 196
e 14 20 197
e 14 21 195
e 14 22 197
e 14 23 198
e 14 24 192
e 14 25 201
e 14 26 198
e 14 27 202
e 14 28 210
e 14 29 205
e 14 30 198
e 14 31 202
e 14 32 196
e 14 33 210
e 14 34 196
e 14 35 205
e 14 36 194
e 14 37 200
e 14 38 204
e 14 39 198
e 14 40 192
e 14 41 202
e 14 42 202
e 14 43 203
e 14 44 205
e 14 45 194
e 14 46 200
e 14 47 196
e 14 48 206
e 14 49 195
e 14 50 195
e 14 51 206
e 14 52 204
e 14 53 189
e 14 54 200
e 14 55 201
e 14 56 207
e 14 57 201
e 14 58 206
e 14 59 195
e 14 60 203
e 14 61 193
e 14 62 201
e 14 63 197
e 14 64 194
e 14 65 203
e 14 66 207
e 14 67 203
e 14 68 209
e 14 69 207
e 14 70 205
e 14 71 202
e 14 72 199
e 14 73 201
e 14 74 203
e 14 75 199
e 14 76 194
e 14 77 197
e 14 78 199
e 14 79 207
e 14 80 190
e 15 16 304
e 15 17 205
e 15 18 202
e 15 19 201
e 15 20 199
e 15 21 195
e 15 22 206
e 15 23 203
e 15 24 203
e 15 25 205
e 15 26 208
e 15 27 201
e 15 28 201
e 15 29 207
e 15 30 202
e 15 31 200
e 15 32 198
e 15 33 195
e 15 34 203
e 15 35 204
e 15 36 207
e 15 37 209
e 15 38 200
e 15 39 203
e 15 40 206
e 15 41 206
e 15 42 198
e 15 43 198
e 15 44 196
e 15 45 202
e 15 46 206
e 15 47 199
e 15 48 199
e 15 49 198
e 15 50 195
e 15 51 195
e 15 52 206
e 15 53 191
e 15 54 195
e 15 55 194
e 15 56 207
e 15 57 199
e 15 58 193
e 15 59 200
e 15 60 202
e 15 61 204
e 15 62 203
e 15 63 204
e 15 64 194
e 15 65 195
e 15 66 190
e 15 67 193
e 15 68 197
e 15 69 200
e 15 70 198
e 15 71 200
e 15 72 202
e 15 73 196
e 15 74 200
e 15 75 200
e 15 76 191
e 15 77 197
e 15 78 200
e 15 79 204
e 15 80 197
e 16 17 209
e 16 18 204
e 16 19 206
e 16 20 199
e 16 21 202
e 16 22 203
e 16 23 197
e 16 24 208
e 16 25 201
e 16 26 196
e 16 27 199
e 16 28 197
e 16 29 207
e 16 30 198
e 16 31 192
e 16 32 200
e 16 33 199
e 16 34 205
e 16 35 205
e 16 36 201
e 16 37 200
e 16 38 198
e 16 39 192
e 16 40 210
e 16 41 197
e 16 42 204
e 16 43 203
e 16 44 197
e 16 45 203
e 16 46 206
e 16 47 200
e 16 48 200
e 16 49 199
e 16 50 196
e 16 51 199
e 16 52 208
e 16 53 198
e 16 54 202
e 16 55 198
e 16 56 201
e 16 57 200
e 16 58 200
e 16 59 190
e 16 60 193
e 16 61 203
e 16 62 198
e 16 63 200
e 16 64 204
e 16 65 196
e 16 66 199
e 16 67 194
e 16 68 196
e 16 69 194
e 16 70 193
e 16 71 198
e 16 72 197
e 16 73 192
e 16 74 201
e 16 75 196
e 16 76 198
e 16 77 191
e 16 78 209
e 16 79 199
e 16 80 203
e 17 18 94
e 17 19 101
e 17 20 99
e 17 21 99
e 17 22 95
e 17 23 98
e 17 24 97
e 17 25 100
e 17 26 108
e 17 27 100
e 17 28 99
e 17 29 104
e 17 30 100
e 17 31 108
e 17 32 102
e 17 33 100
e 17 34 106
e 17 35 95
e 17 36 97
e 17 37 90
e 17 38 102
e 17 39 92
e 17 40 110
e 17 41 101
e 17 42 102
e 17 43 92
e 17 44 105
e 17 45 92
e 17 46 94
e 17 47 87
e 17 48 90
e 17 49 99
e 17 50 95
e 17 51 103
e 17 52 98
e 17 53 94
e 17 54 101
e 17 55 98
e 17 56 102
e 17 57 103
e 17 58 101
e 17 59 101
e 17 60 92
e 17 61 100
e 17 62 108
e 17 63 104
e 17 64 98
e 17 65 95
e 17 66 112
e 17 67 95
e 17 68 97
e 17 69 95
e 17 70 100
e 17 71 96
e 17 72 99
e 17 73 102
e 17 74 101
e 17 75 106
e 17 76 96
e 17 77 101
e 17 78 106
e 17 79 97
e 17 80 98
e 18 19 91
e 18 20 89
e 18 21 100
e 18 22 101
e 18 23 86
e 18 24 102
e 18 25 102
e 18 26 91
e 18 27 103
e 18 28 99
e 18 29 106
e 18 30 97
e 18 31 102
e 18 32 103
e 18 33 90
e 18 34 100
e 18 35 103
e 18 36 97
e 18 37 98
e 18 38 95
e 18 39 101
e 18 40 104
e 18 41 98
e 18 42 92
e 18 43 101
e 18 44 93
e 18 45 103
e 18 46 100
e 18 47 98
e 18 48 97
e 18 49 95
e 18 50 105
e 18 51 101
e 18 52 96
e 18 53 97
e 18 54 108
e 18 55 97
e 18 56 97
e 18 57 99
e 18 58 102
e 18 59 95
e 18 60 99
e 18 61 103
e 18 62 95
e 18 63 101
e 18 64 99
e 18 65 98
e 18 66 99
e 18 67 103
e 18 68 97
e 18 69 105
e 18 70 99
e 18 71 102
e 18 72 94
e 18 73 99
e 18 74 97
e 18 75 102
e 18 76 109
e 18 77 95
e 18 78 99
e 18 79 96
e 18 80 108
e 19 20 96
e 19 21 97
e 19 22 93
e 19 23 94
e 19 24 98
e 19 25 91
e 19 26 90
e 19 27 101
e 19 28 97
e 19 29 107
e 19 30 102
e 19 31 96
e 19 32 98
e 19 33 107
e 19 34 103
e 19 35 97
e 19 36 99
e 19 37 102
e 19 38 93
e 19 39 97
e 19 40 97
e 19 41 98
e 19 42 97
e 19 43 98
e 19 44 106
e 19 45 102
e 19 46 94
e 19 47 111
e 19 48 110
e 19 49 105
e 19 50 99
e 19 51 100
e 19 52 93
e 19 53 106
e 19 54 100
e 19 55 99
e 19 56 96
e 19 57 89
e 19 58 102
e 19 59 94
e 19 60 104
e 19 61 95
e 19 62 101
e 19 63 106
e 19 64 107
e 19 65 90
e 19 66 109
e 19 67 104
e 19 68 100
e 19 69 98
e 19 70 100
e 19 71 101
e 19 72 105
e 19 73 107
e 19 74 94
e 19 75 98
e 19 76 93
e 19 77 98
e 19 78 100
e 19 79 97
e 19 80 100
e 20 21 102
e 20 22 99
e 20 23 103
e 20 24 113
e 20 25 96
e 20 26 104
e 20 27 89
e 20 28 104
e 20 29 96
e 20 30 105
e 20 31 101
e 20 32 100
e 20 33 101
e 20 34 91
e 20 35 103
e 20 36 96
e 20 37 99
e 20 38 101
e 20 39 100
e 20 40 94
e 20 41 92
e 20 42 92
e 20 43 95
e 20 44 98
e 20 45 95
e 20 46 100
e 20 47 95
e 20 48 94
e 20 49 98
e 20 50 95
e 20 51 102
e 20 52 101
e 20 53 103
e 20 54 97
e 20 55 101
e 20 56 102
e 20 57 92
e 20 58 106
e 20 59 111
e 20 60 98
e 20 61 103
e 20 62 93
e 20 63 95
e 20 64 94
e 20 65 98
e 20 66 101
e 20 67 105
e 20 68 104
e 20 69 102
e 20 70 94
e 20 71 96
e 20 72 91
e 20 73 90
e 20 74 106
e 20 75 92
e 20 76 99
e 20 77 96
e 20 78 95
e 20 79 97
e 20 80 94
e 21 22 98
e 21 23 112
e 21 24 99
e 21 25 99
e 21 26 99
e 21 27 99
e 21 28 102
e 21 29 94
e 21 30 102
e 21 31 96
e 21 32 107
e 21 33 92
e 21 34 88
e 21 35 93
e 21 36 101
e 21 37 98
e 21 38 100
e 21 39 98
e 21 40 99
e 21 41 110
e 21 42 97
e 21 43 107
e 21 44 102
e 21 45 107
e 21 46 101
e 21 47 97
e 21 48 102
e 21 49 106
e 21 50 104
e 21 51 99
e 21 52 104
e 21 53 99
e 21 54 100
e 21 55 103
e 21 56 99
e 21 57 95
e 21 58 106
e 21 59 97
e 21 60 96
e 21 61 97
e 21 62 103
e 21 63 104
e 21 64 98
e 21 65 103
e 21 66 94
e 21 67 94
e 21 68 101
e 21 69 105
e 21 70 98
e 21 71 99
e 21 72 111
e 21 73 102
e 21 74 106
e 21 75 108
e 21 76 90
e 21 77 111
e 21 78 90
e 21 79 107
e 21 80 96
e 22 23 92
e 22 24 101
e 22 25 100
e 22 26 103
e 22 27 98
e 22 28 101
e 22 29 98
e 22 30 97
e 22 31 98
e 22 32 107
e 22 33 105
e 22 34 105
e 22 35 101
e 22 36 102
e 22 37 96
e 22 38 101
e 22 39 103
e 22 40 94
e 22 41 89
e 22 42 91
e 22 43 99
e 22 44 94
e 22 45 98
e 22 46 97
e 22 47 102
e 22 48 101
e 22 49 100
e 22 50 97
e 22 51 104
e 22 52 98
e 22 53 94
e 22 54 110
e 22 55 97
e 22 56 95
e 22 57 104
e 22 58 99
e 22 59 100
e 22 60 109
e 22 61 91
e 22 62 100
e 22 63 102
e 22 64 105
e 22 65 104
e 22 66 98
e 22 67 103
e 22 68 108
e 22 69 91
e 22 70 100
e 22 71 97
e 22 72 98
e 22 73 101
e 22 74 101
e 22 75 101
e 22 76 105
e 22 77 95
e 22 78 101
e 22 79 103
e 22 80 97
e 23 24 99
e 23 25 93
e 23 26 98
e 23 27 98
e 23 28 103
e 23 29 101
e 23 30 102
e 23 31 106
e 23 32 100
e 23 33 97
e 23 34 97
e 23 35 103
e 23 36 98
e 23 37 101
e 23 38 101
e 23 39 100
e 23 40 87
e 23 41 98
e 23 42 103
e 23 43 96
e 23 44 105
e 23 45 88
e 23 46 102
e 23 47 91
e 23 48 100
e 23 49 97
e 23 50 94
e 23 51 94
e 23 52 90
e 23 53 109
e 23 54 94
e 23 55 92
e 23 56 106
e 23 57 99
e 23 58 96
e 23 59 95
e 23 60 101
e 23 61 90
e 23 62 98
e 23 63 97
e 23 64 105
e 23 65 98
e 23 66 99
e 23 67 99
e 23 68 99
e 23 69 101
e 23 70 100
e 23 71 105
e 23 72 95
e 23 73 109
e 23 74 93
e 23 75 93
e 23 76 105
e 23 77 110
e 23 78 99
e 23 79 100
e 23 80 91
e 24 25 98
e 24 26 94
e 24 27 104
e 24 28 100
e 24 29 103
e 24 30 101
e 24 31 104
e 24 32 102
e 24 33 103
e 24 34 103
e 24 35 97
e 24 36 98
e 24 37 106
e 24 38 95
e 24 39 95
e 24 40 98
e 24 41 95
e 24 42 102
e 24 43 109
e 24 44 104
e 24 45 105
e 24 46 102
e 24 47 98
e 24 48 97
e 24 49 101
e 24 50 101
e 24 51 97
e 24 52 102
e 24 53 106
e 24 54 102
e 24 55 98
e 24 56 105
e 24 57 97
e 24 58 99
e 24 59 99
e 24 60 100
e 24 61 98
e 24 62 103
e 24 63 100
e 24 64 96
e 24 65 100
e 24 66 102
e 24 67 100
e 24 68 98
e 24 69 96
e 24 70 104
e 24 71 99
e 24 72 108
e 24 73 91
e 24 74 99
e 24 75 105
e 24 76 95
e 24 77 95
e 24 78 99
e 24 79 97
e 24 80 91
e 25 26 103
e 25 27 106
e 25 28 104
e 25 29 103
e 25 30 100
e 25 31 99
e 25 32 97
e 25 33 102
e 25 34 95
e 25 35 101
e 25 36 109
e 25 37 94
e 25 38 101
e 25 39 103
e 25 40 94
e 25 41 103
e 25 42 93
e 25 43 91
e 25 44 93
e 25 45 95
e 25 46 94
e 25 47 97
e 25 48 102
e 25 49 101
e 25 50 93
e 25 51 102
e 25 52 104
e 25 53 99
e 25 54 111
e 25 55 102
e 25 56 94
e 25 57 102
e 25 58 99
e 25 59 95
e 25 60 96
e 25 61 107
e 25 62 99
e 25 63 103
e 25 64 106
e 25 65 106
e 25 66 103
e 25 67 95
e 25 68 107
e 25 69 100
e 25 70 97
e 25 71 99
e 25 72 112
e 25 73 90
e 25 74 100
e 25 75 103
e 25 76 97
e 25 77 92
e 25 78 104
e 25 79 100
e 25 80 107
e 26 27 100
e 26 28 109
e 26 29 104
e 26 30 97
e 26 31 101
e 26 32 95
e 26 33 105
e 26 34 91
e 26 35 91
e 26 36 101
e 26 37 102
e 26 38 100
e 26 39 104
e 26 40 103
e 26 41 98
e 26 42 92
e 26 43 90
e 26 44 96
e 26 45 95
e 26 46 99
e 26 47 97
e 26 48 104
e 26 49 98
e 26 50 97
e 26 51 105
e 26 52 90
e 26 53 108
e 26 54 109
e 26 55 95
e 26 56 98
e 26 57 91
e 26 58 109
e 26 59 93
e 26 60 99
e 26 61 99
e 26 62 99
e 26 63 100
e 26 64 103
e 26 65 99
e 26 66 105
e 26 67 95
e 26 68 107
e 26 69 100
e 26 70 105
e 26 71 95
e 26 72 100
e 26 73 101
e 26 74 102
e 26 75 109
e 26 76 109
e 26 77 99
e 26 78 103
e 26 79 101
e 26 80 101
e 27 28 91
e 27 29 101
e 27 30 103
e 27 31 105
e 27 32 96
e 27 33 103
e 27 34 99
e 27 35 104
e 27 36 115
e 27 37 98
e 27 38 98
e 27 39 107
e 27 40 101
e 27 41 99
e 27 42 98
e 27 43 96
e 27 44 98
e 27 45 97
e 27 46 96
e 27 47 100
e 27 48 96
e 27 49 97
e 27 50 94
e 27 51 100
e 27 52 101
e 27 53 96
e 27 54 104
e 27 55 108
e 27 56 99
e 27 57 103
e 27 58 97
e 27 59 101
e 27 60 89
e 27 61 102
e 27 62 96
e 27 63 103
e 27 64 96
e 27 65 101
e 27 66 99
e 27 67 106
e 27 68 92
e 27 69 106
e 27 70 101
e 27 71 89
e 27 72 109
e 27 73 98
e 27 74 103
e 27 75 107
e 27 76 103
e 27 77 97
e 27 78 103
e 27 79 105
e 27 80 98
e 28 29 94
e 28 30 100
e 28 31 99
e 28 32 97
e 28 33 99
e 28 34 98
e 28 35 98
e 28 36 95
e 28 37 104
e 28 38 101
e 28 39 110
e 28 40 97
e 28 41 109
e 28 42 91
e 28 43 102
e 28 44 102
e 28 45 96
e 28 46 100
e 28 47 104
e 28 48 100
e 28 49 99
e 28 50 103
e 28 51 98
e 28 52 104
e 28 53 110
e 28 54 100
e 28 55 105
e 28 56 90
e 28 57 104
e 28 58 92
e 28 59 102
e 28 60 102
e 28 61 100
e 28 62 109
e 28 63 97
e 28 64 95
e 28 65 99
e 28 66 104
e 28 67 96
e 28 68 94
e 28 69 94
e 28 70 101
e 28 71 94
e 28 72 93
e 28 73 100
e 28 74 102
e 28 75 95
e 28 76 105
e 28 77 109
e 28 78 96
e 28 79 100
e 28 80 99
e 29 30 92
e 29 31 95
e 29 32 102
e 29 33 106
e 29 34 102
e 29 35 101
e 29 36 94
e 29 37 95
e 29 38 105
e 29 39 102
e 29 40 100
e 29 41 101
e 29 42 104
e 29 43 107
e 29 44 96
e 29 45 100
e 29 46 96
e 29 47 98
e 29 48 101
e 29 49 113
e 29 50 103
e 29 51 112
e 29 52 100
e 29 53 96
e 29 54 103
e 29 55 98
e 29 56 95
e 29 57 102
e 29 58 104
e 29 59 103
e 29 60 98
e 29 61 92
e 29 62 102
e 29 63 98
e 29 64 93
e 29 65 104
e 29 66 101
e 29 67 104
e 29 68 96
e 29 69 105
e 29 70 92
e 29 71 101
e 29 72 89
e 29 73 99
e 29 74 107
e 29 75 99
e 29 76 102
e 29 77 99
e 29 78 97
e 29 79 103
e 29 80 102
e 30 31 102
e 30 32 93
e 30 33 90
e 30 34 96
e 30 35 91
e 30 36 96
e 30 37 98
e 30 38 101
e 30 39 98
e 30 40 97
e 30 41 103
e 30 42 100
e 30 43 105
e 30 44 99
e 30 45 94
e 30 46 102
e 30 47 94
e 30 48 98
e 30 49 108
e 30 50 100
e 30 51 95
e 30 52 113
e 30 53 100
e 30 54 104
e 30 55 98
e 30 56 89
e 30 57 95
e 30 58 96
e 30 59 102
e 30 60 108
e 30 61 99
e 30 62 109
e 30 63 99
e 30 64 99
e 30 65 97
e 30 66 94
e 30 67 97
e 30 68 99
e 30 69 98
e 30 70 92
e 30 71 94
e 30 72 86
e 30 73 98
e 30 74 103
e 30 75 103
e 30 76 94
e 30 77 98
e 30 78 100
e 30 79 109
e 30 80 92
e 31 32 100
e 31 33 103
e 31 34 90
e 31 35 100
e 31 36 106
e 31 37 93
e 31 38 107
e 31 39 93
e 31 40 101
e 31 41 99
e 31 42 98
e 31 43 107
e 31 44 96
e 31 45 91
e 31 46 102
e 31 47 103
e 31 48 96
e 31 49 97
e 31 50 106
e 31 51 103
e 31 52 109
e 31 53 98
e 31 54 94
e 31 55 89
e 31 56 104
e 31 57 104
e 31 58 109
e 31 59 96
e 31 60 94
e 31 61 93
e 31 62 100
e 31 63 100
e 31 64 105
e 31 65 87
e 31 66 109
e 31 67 97
e 31 68 96
e 31 69 103
e 31 70 104
e 31 71 99
e 31 72 96
e 31 73 95
e 31 74 93
e 31 75 108
e 31 76 90
e 31 77 96
e 31 78 92
e 31 79 97
e 31 80 94
e 32 33 102
e 32 34 102
e 32 35 110
e 32 36 101
e 32 37 107
e 32 38 103
e 32 39 97
e 32 40 99
e 32 41 98
e 32 42 97
e 32 43 95
e 32 44 95
e 32 45 99
e 32 46 101
e 32 47 90
e 32 48 95
e 32 49 96
e 32 50 95
e 32 51 99
e 32 52 102
e 32 53 102
e 32 54 100
e 32 55 92
e 32 56 98
e 32 57 97
e 32 58 105
e 32 59 102
e 32 60 102
e 32 61 100
e 32 62 97
e 32 63 101
e 32 64 99
e 32 65 95
e 32 66 90
e 32 67 95
e 32 68 98
e 32 69 102
e 32 70 100
e 32 71 93
e 32 72 92
e 32 73 95
e 32 74 107
e 32 75 96
e 32 76 96
e 32 77 102
e 32 78 113
e 32 79 106
e 32 80 95
e 33 34 103
e 33 35 99
e 33 36 109
e 33 37 106
e 33 38 95
e 33 39 101
e 33 40 98
e 33 41 99
e 33 42 96
e 33 43 97
e 33 44 99
e 33 45 98
e 33 46 98
e 33 47 106
e 33 48 100
e 33 49 105
e 33 50 97
e 33 51 106
e 33 52 106
e 33 53 105
e 33 54 103
e 33 55 100
e 33 56 95
e 33 57 100
e 33 58 107
e 33 59 94
e 33 60 95
e 33 61 102
e 33 62 98
e 33 63 99
e 33 64 104
e 33 65 93
e 33 66 107
e 33 67 101
e 33 68 93
e 33 69 100
e 33 70 97
e 33 71 102
e 33 72 97
e 33 73 100
e 33 74 104
e 33 75 99
e 33 76 94
e 33 77 95
e 33 78 99
e 33 79 101
e 33 80 91
e 34 35 96
e 34 36 90
e 34 37 94
e 34 38 97
e 34 39 103
e 34 40 97
e 34 41 103
e 34 42 94
e 34 43 101
e 34 44 109
e 34 45 101
e 34 46 97
e 34 47 97
e 34 48 101
e 34 49 99
e 34 50 107
e 34 51 105
e 34 52 106
e 34 53 98
e 34 54 108
e 34 55 105
e 34 56 96
e 34 57 96
e 34 58 104
e 34 59 102
e 34 60 98
e 34 61 99
e 34 62 92
e 34 63 97
e 34 64 103
e 34 65 99
e 34 66 98
e 34 67 108
e 34 68 96
e 34 69 86
e 34 70 97
e 34 71 107
e 34 72 101
e 34 73 98
e 34 74 99
e 34 75 93
e 34 76 89
e 34 77 101
e 34 78 97
e 34 79 93
e 34 80 103
e 35 36 101
e 35 37 100
e 35 38 97
e 35 39 99
e 35 40 97
e 35 41 100
e 35 42 102
e 35 43 97
e 35 44 90
e 35 45 95
e 35 46 97
e 35 47 92
e 35 48 95
e 35 49 97
e 35 50 96
e 35 51 104
e 35 52 92
e 35 53 105
e 35 54 106
e 35 55 102
e 35 56 97
e 35 57 94
e 35 58 106
e 35 59 104
e 35 60 96
e 35 61 93
e 35 62 99
e 35 63 96
e 35 64 110
e 35 65 100
e 35 66 101
e 35 67 97
e 35 68 98
e 35 69 102
e 35 70 105
e 35 71 99
e 35 72 96
e 35 73 104
e 35 74 98
e 35 75 105
e 35 76 93
e 35 77 101
e 35 78 97
e 35 79 91
e 35 80 98
e 36 37 103
e 36 38 101
e 36 39 99
e 36 40 87
e 36 41 98
e 36 42 101
e 36 43 89
e 36 44 103
e 36 45 98
e 36 46 101
e 36 47 95
e 36 48 104
e 36 49 94
e 36 50 98
e 36 51 102
e 36 52 104
e 36 53 103
e 36 54 102
e 36 55 100
e 36 56 106
e 36 57 102
e 36 58 99
e 36 59 100
e 36 60 97
e 36 61 90
e 36 62 100
e 36 63 104
e 36 64 97
e 36 65 97
e 36 66 97
e 36 67 96
e 36 68 101
e 36 69 95
e 36 70 98
e 36 71 94
e 36 72 96
e 36 73 98
e 36 74 94
e 36 75 99
e 36 76 97
e 36 77 107
e 36 78 105
e 36 79 95
e 36 80 98
e 37 38 92
e 37 39 101
e 37 40 102
e 37 41 97
e 37 42 97
e 37 43 101
e 37 44 86
e 37 45 95
e 37 46 108
e 37 47 89
e 37 48 103
e 37 49 101
e 37 50 103
e 37 51 101
e 37 52 90
e 37 53 100
e 37 54 104
e 37 55 117
e 37 56 97
e 37 57 103
e 37 58 102
e 37 59 102
e 37 60 104
e 37 61 102
e 37 62 96
e 37 63 104
e 37 64 103
e 37 65 101
e 37 66 90
e 37 67 95
e 37 68 99
e 37 69 100
e 37 70 92
e 37 71 105
e 37 72 107
e 37 73 96
e 37 74 106
e 37 75 97
e 37 76 104
e 37 77 92
e 37 78 101
e 37 79 96
e 37 80 96
e 38 39 96
e 38 40 99
e 38 41 95
e 38 42 102
e 38 43 104
e 38 44 96
e 38 45 108
e 38 46 105
e 38 47 107
e 38 48 103
e 38 49 97
e 38 50 101
e 38 51 98
e 38 52 97
e 38 53 99
e 38 54 93
e 38 55 107
e 38 56 105
e 38 57 105
e 38 58 105
e 38 59 93
e 38 60 98
e 38 61 98
e 38 62 113
e 38 63 98
e 38 64 98
e 38 65 98
e 38 66 97
e 38 67 103
e 38 68 98
e 38 69 97
e 38 70 102
e 38 71 95
e 38 72 106
e 38 73 98
e 38 74 97
e 38 75 100
e 38 76 93
e 38 77 102
e 38 78 94
e 38 79 94
e 38 80 103
e 39 40 102
e 39 41 97
e 39 42 108
e 39 43 102
e 39 44 105
e 39 45 109
e 39 46 98
e 39 47 108
e 39 48 97
e 39 49 97
e 39 50 97
e 39 51 109
e 39 52 94
e 39 53 91
e 39 54 102
e 39 55 93
e 39 56 105
e 39 57 95
e 39 58 107
e 39 59 103
e 39 60 93
e 39 61 108
e 39 62 100
e 39 63 95
e 39 64 97
e 39 65 96
e 39 66 92
e 39 67 98
e 39 68 102
e 39 69 98
e 39 70 99
e 39 71 107
e 39 72 90
e 39 73 96
e 39 74 102
e 39 75 91
e 39 76 105
e 39 77 96
e 39 78 104
e 39 79 100
e 39 80 94
e 40 41 95
e 40 42 97
e 40 43 92
e 40 44 96
e 40 45 103
e 40 46 96
e 40 47 100
e 40 48 88
e 40 49 103
e 40 50 96
e 40 51 98
e 40 52 96
e 40 53 99
e 40 54 111
e 40 55 95
e 40 56 92
e 40 57 100
e 40 58 99
e 40 59 97
e 40 60 110
e 40 61 102
e 40 62 105
e 40 63 106
e 40 64 91
e 40 65 106
e 40 66 98
e 40 67 101
e 40 68 100
e 40 69 98
e 40 70 100
e 40 71 101
e 40 72 103
e 40 73 104
e 40 74 104
e 40 75 94
e 40 76 94
e 40 77 97
e 40 78 112
e 40 79 98
e 40 80 96
e 41 42 95
e 41 43 94
e 41 44 107
e 41 45 106
e 41 46 98
e 41 47 100
e 41 48 102
e 41 49 104
e 41 50 101
e 41 51 100
e 41 52 99
e 41 53 106
e 41 54 101
e 41 55 104
e 41 56 96
e 41 57 98
e 41 58 99
e 41 59 89
e 41 60 92
e 41 61 104
e 41 62 103
e 41 63 106
e 41 64 101
e 41 65 103
e 41 66 99
e 41 67 107
e 41 68 113
e 41 69 101
e 41 70 105
e 41 71 105
e 41 72 97
e 41 73 89
e 41 74 98
e 41 75 104
e 41 76 108
e 41 77 97
e 41 78 102
e 41 79 101
e 41 80 104
e 42 43 94
e 42 44 99
e 42 45 98
e 42 46 93
e 42 47 104
e 42 48 99
e 42 49 99
e 42 50 101
e 42 51 94
e 42 52 95
e 42 53 103
e 42 54 108
e 42 55 94
e 42 56 99
e 42 57 93
e 42 58 109
e 42 59 94
e 42 60 93
e 42 61 99
e 42 62 99
e 42 63 101
e 42 64 104
e 42 65 101
e 42 66 90
e 42 67 98
e 42 68 100
e 42 69 103
e 42 70 89
e 42 71 100
e 42 72 99
e 42 73 95
e 42 74 97
e 42 75 97
e 42 76 96
e 42 77 95
e 42 78 103
e 42 79 96
e 42 80 91
e 43 44 101
e 43 45 96
e 43 46 101
e 43 47 100
e 43 48 98
e 43 49 98
e 43 50 102
e 43 51 102
e 43 52 105
e 43 53 96
e 43 54 96
e 43 55 102
e 43 56 106
e 43 57 99
e 43 58 98
e 43 59 98
e 43 60 100
e 43 61 103
e 43 62 99
e 43 63 101
e 43 64 104
e 43 65 92
e 43 66 97
e 43 67 92
e 43 68 101
e 43 69 107
e 43 70 102
e 43 71 106
e 43 72 104
e 43 73 105
e 43 74 105
e 43 75 98
e 43 76 107
e 43 77 102
e 43 78 94
e 43 79 87
e 43 80 99
e 44 45 93
e 44 46 97
e 44 47 96
e 44 48 103
e 44 49 102
e 44 50 98
e 44 51 101
e 44 52 92
e 44 53 96
e 44 54 86
e 44 55 96
e 44 56 103
e 44 57 93
e 44 58 102
e 44 59 104
e 44 60 99
e 44 61 107
e 44 62 101
e 44 63 99
e 44 64 109
e 44 65 104
e 44 66 103
e 44 67 99
e 44 68 97
e 44 69 96
e 44 70 107
e 44 71 91
e 44 72 98
e 44 73 101
e 44 74 102
e 44 75 98
e 44 76 98
e 44 77 104
e 44 78 102
e 44 79 104
e 44 80 104
e 45 46 103
e 45 47 96
e 45 48 99
e 45 49 95
e 45 50 103
e 45 51 94
e 45 52 107
e 45 53 102
e 45 54 103
e 45 55 92
e 45 56 101
e 45 57 94
e 45 58 106
e 45 59 99
e 45 60 91
e 45 61 105
e 45 62 94
e 45 63 97
e 45 64 98
e 45 65 99
e 45 66 105
e 45 67 91
e 45 68 98
e 45 69 95
e 45 70 104
e 45 71 100
e 45 72 101
e 45 73 99
e 45 74 103
e 45 75 103
e 45 76 97
e 45 77 106
e 45 78 100
e 45 79 91
e 45 80 107
e 46 47 104
e 46 48 108
e 46 49 93
e 46 50 96
e 46 51 95
e 46 52 97
e 46 53 105
e 46 54 100
e 46 55 102
e 46 56 99
e 46 57 104
e 46 58 95
e 46 59 104
e 46 60 97
e 46 61 100
e 46 62 100
e 46 63 85
e 46 64 97
e 46 65 100
e 46 66 98
e 46 67 99
e 46 68 97
e 46 69 96
e 46 70 101
e 46 71 104
e 46 72 88
e 46 73 100
e 46 74 94
e 46 75 96
e 46 76 106
e 46 77 104
e 46 78 91
e 46 79 107
e 46 80 99
e 47 48 99
e 47 49 104
e 47 50 105
e 47 51 103
e 47 52 95
e 47 53 103
e 47 54 107
e 47 55 97
e 47 56 102
e 47 57 99
e 47 58 97
e 47 59 97
e 47 60 105
e 47 61 102
e 47 62 106
e 47 63 94
e 47 64 106
e 47 65 103
e 47 66 94
e 47 67 101
e 47 68 102
e 47 69 96
e 47 70 103
e 47 71 100
e 47 72 98
e 47 73 100
e 47 74 96
e 47 75 110
e 47 76 92
e 47 77 99
e 47 78 99
e 47 79 104
e 47 80 91
e 48 49 97
e 48 50 102
e 48 51 99
e 48 52 97
e 48 53 104
e 48 54 99
e 48 55 107
e 48 56 93
e 48 57 101
e 48 58 96
e 48 59 105
e 48 60 101
e 48 61 105
e 48 62 99
e 48 63 97
e 48 64 99
e 48 65 96
e 48 66 102
e 48 67 98
e 48 68 102
e 48 69 93
e 48 70 102
e 48 71 100
e 48 72 103
e 48 73 96
e 48 74 93
e 48 75 97
e 48 76 92
e 48 77 104
e 48 78 91
e 48 79 93
e 48 80 103
e 49 50 96
e 49 51 88
e 49 52 91
e 49 53 102
e 49 54 88
e 49 55 95
e 49 56 106
e 49 57 94
e 49 58 97
e 49 59 104
e 49 60 100
e 49 61 101
e 49 62 100
e 49 63 99
e 49 64 93
e 49 65 99
e 49 66 102
e 49 67 102
e 49 68 98
e 49 69 99
e 49 70 105
e 49 71 97
e 49 72 106
e 49 73 101
e 49 74 99
e 49 75 101
e 49 76 112
e 49 77 98
e 49 78 101
e 49 79 95
e 49 80 101
e 50 51 114
e 50 52 103
e 50 53 98
e 50 54 99
e 50 55 94
e 50 56 107
e 50 57 106
e 50 58 104
e 50 59 103
e 50 60 101
e 50 61 95
e 50 62 96
e 50 63 104
e 50 64 99
e 50 65 101
e 50 66 96
e 50 67 106
e 50 68 95
e 50 69 101
e 50 70 102
e 50 71 106
e 50 72 101
e 50 73 96
e 50 74 96
e 50 75 99
e 50 76 99
e 50 77 89
e 50 78 102
e 50 79 98
e 50 80 101
e 51 52 105
e 51 53 104
e 51 54 99
e 51 55 102
e 51 56 103
e 51 57 101
e 51 58 100
e 51 59 103
e 51 60 101
e 51 61 102
e 51 62 101
e 51 63 105
e 51 64 92
e 51 65 97
e 51 66 93
e 51 67 104
e 51 68 103
e 51 69 106
e 51 70 91
e 51 71 99
e 51 72 94
e 51 73 98
e 51 74 104
e 51 75 102
e 51 76 94
e 51 77 99
e 51 78 100
e 51 79 102
e 51 80 96
e 52 53 97
e 52 54 90
e 52 55 93
e 52 56 99
e 52 57 97
e 52 58 96
e 52 59 103
e 52 60 97
e 52 61 99
e 52 62 105
e 52 63 88
e 52 64 102
e 52 65 98
e 52 66 92
e 52 67 99
e 52 68 93
e 52 69 103
e 52 70 107
e 52 71 105
e 52 72 105
e 52 73 99
e 52 74 99
e 52 75 103
e 52 76 96
e 52 77 104
e 52 78 93
e 52 79 100
e 52 80 100
e 53 54 94
e 53 55 95
e 53 56 99
e 53 57 109
e 53 58 93
e 53 59 98
e 53 60 95
e 53 61 97
e 53 62 94
e 53 63 99
e 53 64 103
e 53 65 102
e 53 66 99
e 53 67 103
e 53 68 101
e 53 69 93
e 53 70 93
e 53 71 100
e 53 72 95
e 53 73 103
e 53 74 108
e 53 75 100
e 53 76 102
e 53 77 108
e 53 78 101
e 53 79 97
e 53 80 94
e 54 55 98
e 54 56 104
e 54 57 99
e 54 58 112
e 54 59 96
e 54 60 99
e 54 61 101
e 54 62 102
e 54 63 100
e 54 64 107
e 54 65 98
e 54 66 106
e 54 67 106
e 54 68 89
e 54 69 101
e 54 70 96
e 54 71 99
e 54 72 102
e 54 73 107
e 54 74 92
e 54 75 102
e 54 76 104
e 54 77 103
e 54 78 100
e 54 79 102
e 54 80 103
e 55 56 95
e 55 57 98
e 55 58 98
e 55 59 100
e 55 60 93
e 55 61 103
e 55 62 101
e 55 63 91
e 55 64 100
e 55 65 100
e 55 66 101
e 55 67 102
e 55 68 99
e 55 69 103
e 55 70 98
e 55 71 100
e 55 72 96
e 55 73 94
e 55 74 105
e 55 75 105
e 55 76 101
e 55 77 99
e 55 78 99
e 55 79 100
e 55 80 93
e 56 57 102
e 56 58 102
e 56 59 97
e 56 60 101
e 56 61 99
e 56 62 92
e 56 63 104
e 56 64 102
e 56 65 95
e 56 66 94
e 56 67 97
e 56 68 110
e 56 69 96
e 56 70 100
e 56 71 104
e 56 72 98
e 56 73 88
e 56 74 88
e 56 75 104
e 56 76 99
e 56 77 95
e 56 78 99
e 56 79 102
e 56 80 103
e 57 58 95
e 57 59 107
e 57 60 103
e 57 61 103
e 57 62 108
e 57 63 103
e 57 64 102
e 57 65 102
e 57 66 109
e 57 67 102
e 57 68 102
e 57 69 102
e 57 70 97
e 57 71 94
e 57 72 95
e 57 73 101
e 57 74 86
e 57 75 110
e 57 76 99
e 57 77 104
e 57 78 91
e 57 79 95
e 57 80 101
e 58 59 102
e 58 60 100
e 58 61 101
e 58 62 94
e 58 63 94
e 58 64 92
e 58 65 100
e 58 66 103
e 58 67 95
e 58 68 96
e 58 69 100
e 58 70 99
e 58 71 97
e 58 72 102
e 58 73 102
e 58 74 99
e 58 75 104
e 58 76 102
e 58 77 110
e 58 78 103
e 58 79 99
e 58 80 97
e 59 60 107
e 59 61 102
e 59 62 110
e 59 63 108
e 59 64 100
e 59 65 107
e 59 66 100
e 59 67 103
e 59 68 90
e 59 69 95
e 59 70 93
e 59 71 99
e 59 72 98
e 59 73 94
e 59 74 99
e 59 75 103
e 59 76 96
e 59 77 99
e 59 78 93
e 59 79 93
e 59 80 97
e 60 61 95
e 60 62 106
e 60 63 96
e 60 64 96
e 60 65 86
e 60 66 99
e 60 67 95
e 60 68 97
e 60 69 106
e 60 70 103
e 60 71 101
e 60 72 99
e 60 73 95
e 60 74 95
e 60 75 96
e 60 76 111
e 60 77 97
e 60 78 96
e 60 79 100
e 60 80 104
e 61 62 103
e 61 63 104
e 61 64 96
e 61 65 96
e 61 66 104
e 61 67 89
e 61 68 106
e 61 69 102
e 61 70 95
e 61 71 92
e 61 72 107
e 61 73 100
e 61 74 97
e 61 75 104
e 61 76 91
e 61 77 103
e 61 78 93
e 61 79 98
e 61 80 96
e 62 63 107
e 62 64 101
e 62 65 99
e 62 66 97
e 62 67 104
e 62 68 102
e 62 69 105
e 62 70 99
e 62 71 104
e 62 72 102
e 62 73 95
e 62 74 99
e 62 75 102
e 62 76 100
e 62 77 106
e 62 78 102
e 62 79 104
e 62 80 102
e 63 64 101
e 63 65 97
e 63 66 101
e 63 67 100
e 63 68 107
e 63 69 94
e 63 70 98
e 63 71 100
e 63 72 110
e 63 73 106
e 63 74 97
e 63 75 92
e 63 76 97
e 63 77 102
e 63 78 101
e 63 79 96
e 63 80 98
e 64 65 104
e 64 66 100
e 64 67 103
e 64 68 95
e 64 69 93
e 64 70 102
e 64 71 103
e 64 72 101
e 64 73 99
e 64 74 103
e 64 75 104
e 64 76 102
e 64 77 99
e 64 78 101
e 64 79 96
e 64 80 100
e 65 66 99
e 65 67 99
e 65 68 111
e 65 69 96
e 65 70 106
e 65 71 102
e 65 72 93
e 65 73 94
e 65 74 108
e 65 75 104
e 65 76 101
e 65 77 97
e 65 78 101
e 65 79 100
e 65 80 105
e 66 67 107
e 66 68 102
e 66 69 101
e 66 70 94
e 66 71 108
e 66 72 97
e 66 73 98
e 66 74 100
e 66 75 102
e 66 76 107
e 66 77 97
e 66 78 94
e 66 79 107
e 66 80 101
e 67 68 104
e 67 69 94
e 67 70 103
e 67 71 97
e 67 72 104
e 67 73 108
e 67 74 98
e 67 75 100
e 67 76 107
e 67 77 92
e 67 78 100
e 67 79 84
e 67 80 95
e 68 69 98
e 68 70 102
e 68 71 101
e 68 72 99
e 68 73 105
e 68 74 95
e 68 75 103
e 68 76 100
e 68 77 110
e 68 78 94
e 68 79 99
e 68 80 97
e 69 70 99
e 69 71 106
e 69 72 92
e 69 73 94
e 69 74 103
e 69 75 99
e 69 76 101
e 69 77 98
e 69 78 99
e 69 79 96
e 69 80 98
e 70 71 99
e 70 72 105
e 70 73 100
e 70 74 93
e 70 75 103
e 70 76 96
e 70 77 102
e 70 78 101
e 70 79 96
e 70 80 96
e 71 72 108
e 71 73 95
e 71 74 92
e 71 75 98
e 71 76 106
e 71 77 95
e 71 78 100
e 71 79 100
e 71 80 106
e 72 73 93
e 72 74 100
e 72 75 106
e 72 76 111
e 72 77 85
e 72 78 91
e 72 79 87
e 72 80 96
e 73 74 108
e 73 75 96
e 73 76 101
e 73 77 96
e 73 78 90
e 73 79 95
e 73 80 110
e 74 75 92
e 74 76 101
e 74 77 102
e 74 78 100
e 74 79 91
e 74 80 93
e 75 76 99
e 75 77 104
e 75 78 94
e 75 79 104
e 75 80 97
e 76 77 96
e 76 78 100
e 76 79 92
e 76 80 95
e 77 78 97
e 77 79 103
e 77 80 103
e 78 79 96
e 78 80 103
e 79 80 93