DIMACS2
20 1
 2
 3
 4
 5
 6
 7
 8
 9
 10
 11
 12
 13
 14
 15 16
 17
 18
 19
 20

p edge 80 3160
e 1 2 296
e 1 3 301
e 1 4 305
e 1 5 306
e 1 6 297
e 1 7 299
e 1 8 306
e 1 9 310
e 1 10 292
e 1 11 305
e 1 12 296
e 1 13 288
e 1 14 299
e 1 15 291
e 1 16 299
e 1 17 298
e 1 18 303
e 1 19 293
e 1 20 303
e 1 21 197
e 1 22 208
e 1 23 192
e 1 24 204
e 1 25 204
e 1 26 204
e 1 27 202
e 1 28 192
e 1 29 199
e 1 30 197
e 1 31 198
e 1 32 198
e 1 33 198
e 1 34 194
e 1 35 207
e 1 36 197
e 1 37 200
e 1 38 195
e 1 39 207
e 1 40 199
e 1 41 204
e 1 42 197
e 1 43 198
e 1 44 203
e 1 45 208
e 1 46 200
e 1 47 194
e 1 48 201
e 1 49 197
e 1 50 205
e 1 51 199
e 1 52 194
e 1 53 207
e 1 54 196
e 1 55 204
e 1 56 199
e 1 57 189
e 1 58 193
e 1 59 202
e 1 60 194
e 1 61 184
e 1 62 201
e 1 63 204
e 1 64 211
e 1 65 199
e 1 66 204
e 1 67 192
e 1 68 206
e 1 69 204
e 1 70 203
e 1 71 202
e 1 72 196
e 1 73 196
e 1 74 200
e 1 75 199
e 1 76 201
e 1 77 201
e 1 78 198
e 1 79 200
e 1 80 196
e 2 3 303
e 2 4 302
e 2 5 287
e 2 6 297
e 2 7 301
e 2 8 294
e 2 9 302
e 2 10 302
e 2 11 291
e 2 12 293
e 2 13 298
e 2 14 286
e 2 15 297
e 2 16 295
e 2 17 297
e 2 18 300
e 2 19 310
e 2 20 301
e 2 21 201
e 2 22 198
e 2 23 199
e 2 24 198
e 2 25 205
e 2 26 199
e 2 27 193
e 2 28 205
e 2 29 199
e 2 30 200
e 2 31 212
e 2 32 191
e 2 33 202
e 2 34 202
e 2 35 203
e 2 36 198
e 2 37 195
e 2 38 201
e 2 39 205
e 2 40 200
e 2 41 201
e 2 42 202
e 2 43 201
e 2 44 189
e 2 45 195
e 2 46 197
e 2 47 188
e 2 48 200
e 2 49 192
e 2 50 197
e 2 51 189
e 2 52 207
e 2 53 199
e 2 54 206
e 2 55 196
e 2 56 202
e 2 57 204
e 2 58 198
e 2 59 198
e 2 60 199
e 2 61 208
e 2 62 204
e 2 63 188
e 2 64 197
e 2 65 201
e 2 66 198
e 2 67 199
e 2 68 195
e 2 69 202
e 2 70 209
e 2 71 202
e 2 72 200
e 2 73 202
e 2 74 209
e 2 75 199
e 2 76 190
e 2 77 193
e 2 78 210
e 2 79 198
e 2 80 201
e 3 4 306
e 3 5 303
e 3 6 302
e 3 7 294
e 3 8 305
e 3 9 300
e 3 10 295
e 3 11 302
e 3 12 300
e 3 13 296
e 3 14 302
e 3 15 298
e 3 16 295
e 3 17 292
e 3 18 301
e 3 19 297
e 3 20 300
e 3 21 203
e 3 22 198
e 3 23 190
e 3 24 196
e 3 25 201
e 3 26 198
e 3 27 204
e 3 28 204
e 3 29 211
e 3 30 203
e 3 31 201
e 3 32 195
e 3 33 203
e 3 34 194
e 3 35 196
e 3 36 200
e 3 37 209
e 3 38 202
e 3 39 199
e 3 40 197
e 3 41 191
e 3 42 201
e 3 43 201
e 3 44 197
e 3 45 202
e 3 46 200
e 3 47 208
e 3 48 210
e 3 49 193
e 3 50 203
e 3 51 191
e 3 52 196
e 3 53 202
e 3 54 196
e 3 55 204
e 3 56 203
e 3 57 198
e 3 58 196
e 3 59 199
e 3 60 193
e 3 61 204
e 3 62 188
e 3 63 190
e 3 64 199
e 3 65 211
e 3 66 200
e 3 67 200
e 3 68 201
e 3 69 196
e 3 70 213
e 3 71 198
e 3 72 195
e 3 73 192
e 3 74 198
e 3 75 196
e 3 76 209
e 3 77 204
e 3 78 206
e 3 79 196
e 3 80 200
e 4 5 294
e 4 6 293
e 4 7 301
e 4 8 296
e 4 9 295
e 4 10 303
e 4 11 297
e 4 12 296
e 4 13 301
e 4 14 300
e 4 15 302
e 4 16 308
e 4 17 289
e 4 18 296
e 4 19 307
e 4 20 301
e 4 21 196
e 4 22 197
e 4 23 194
e 4 24 198
e 4 25 206
e 4 26 196
e 4 27 200
e 4 28 196
e 4 29 197
e 4 30 204
e 4 31 205
e 4 32 204
e 4 33 200
e 4 34 205
e 4 35 200
e 4 36 201
e 4 37 192
e 4 38 190
e 4 39 204
e 4 40 206
e 4 41 202
e 4 42 193
e 4 43 195
e 4 44 195
e 4 45 196
e 4 46 196
e 4 47 201
e 4 48 199
e 4 49 197
e 4 50 206
e 4 51 206
e 4 52 197
e 4 53 206
e 4 54 197
e 4 55 194
e 4 56 203
e 4 57 197
e 4 58 195
e 4 59 205
e 4 60 201
e 4 61 203
e 4 62 198
e 4 63 196
e 4 64 203
e 4 65 198
e 4 66 199
e 4 67 213
e 4 68 202
e 4 69 199
e 4 70 198
e 4 71 203
e 4 72 203
e 4 73 199
e 4 74 193
e 4 75 206
e 4 76 192
e 4 77 198
e 4 78 198
e 4 79 193
e 4 80 199
e 5 6 307
e 5 7 304
e 5 8 300
e 5 9 296
e 5 10 306
e 5 11 294
e 5 12 294
e 5 13 296
e 5 14 298
e 5 15 296
e 5 16 300
e 5 17 296
e 5 18 300
e 5 19 300
e 5 20 298
e 5 21 204
e 5 22 195
e 5 23 200
e 5 24 201
e 5 25 208
e 5 26 206
e 5 27 202
e 5 28 187
e 5 29 201
e 5 30 210
e 5 31 203
e 5 32 199
e 5 33 201
e 5 34 202
e 5 35 197
e 5 36 192
e 5 37 205
e 5 38 197
e 5 39 203
e 5 40 200
e 5 41 191
e 5 42 198
e 5 43 209
e 5 44 202
e 5 45 201
e 5 46 190
e 5 47 218
e 5 48 195
e 5 49 199
e 5 50 200
e 5 51 208
e 5 52 199
e 5 53 209
e 5 54 203
e 5 55 197
e 5 56 199
e 5 57 190
e 5 58 197
e 5 59 201
e 5 60 201
e 5 61 196
e 5 62 204
e 5 63 204
e 5 64 194
e 5 65 197
e 5 66 195
e 5 67 198
e 5 68 203
e 5 69 205
e 5 70 196
e 5 71 199
e 5 72 196
e 5 73 199
e 5 74 201
e 5 75 188
e 5 76 202
e 5 77 199
e 5 78 201
e 5 79 199
e 5 80 192
e 6 7 308
e 6 8 297
e 6 9 284
e 6 10 294
e 6 11 296
e 6 12 291
e 6 13 298
e 6 14 298
e 6 15 298
e 6 16 303
e 6 17 301
e 6 18 299
e 6 19 295
e 6 20 299
e 6 21 190
e 6 22 199
e 6 23 202
e 6 24 198
e 6 25 203
e 6 26 200
e 6 27 205
e 6 28 200
e 6 29 189
e 6 30 197
e 6 31 193
e 6 32 200
e 6 33 195
e 6 34 199
e 6 35 198
e 6 36 197
e 6 37 203
e 6 38 208
e 6 39 192
e 6 40 200
e 6 41 202
e 6 42 192
e 6 43 203
e 6 44 212
e 6 45 204
e 6 46 204
e 6 47 197
e 6 48 197
e 6 49 202
e 6 50 207
e 6 51 201
e 6 52 189
e 6 53 195
e 6 54 191
e 6 55 195
e 6 56 194
e 6 57 205
e 6 58 202
e 6 59 206
e 6 60 198
e 6 61 193
e 6 62 195
e 6 63 202
e 6 64 199
e 6 65 195
e 6 66 204
e 6 67 199
e 6 68 211
e 6 69 207
e 6 70 200
e 6 71 200
e 6 72 199
e 6 73 200
e 6 74 191
e 6 75 209
e 6 76 195
e 6 77 197
e 6 78 207
e 6 79 192
e 6 80 195
e 7 8 302
e 7 9 298
e 7 10 295
e 7 11 302
e 7 12 300
e 7 13 297
e 7 14 299
e 7 15 299
e 7 16 298
e 7 17 294
e 7 18 308
e 7 19 310
e 7 20 302
e 7 21 202
e 7 22 198
e 7 23 194
e 7 24 199
e 7 25 197
e 7 26 204
e 7 27 200
e 7 28 195
e 7 29 195
e 7 30 200
e 7 31 210
e 7 32 205
e 7 33 201
e 7 34 202
e 7 35 211
e 7 36 196
e 7 37 200
e 7 38 199
e 7 39 206
e 7 40 205
e 7 41 204
e 7 42 200
e 7 43 194
e 7 44 194
e 7 45 200
e 7 46 197
e 7 47 192
e 7 48 206
e 7 49 197
e 7 50 199
e 7 51 206
e 7 52 194
e 7 53 204
e 7 54 197
e 7 55 198
e 7 56 196
e 7 57 202
e 7 58 203
e 7 59 205
e 7 60 194
e 7 61 196
e 7 62 206
e 7 63 208
e 7 64 200
e 7 65 188
e 7 66 197
e 7 67 192
e 7 68 199
e 7 69 195
e 7 70 194
e 7 71 197
e 7 72 198
e 7 73 197
e 7 74 192
e 7 75 208
e 7 76 198
e 7 77 199
e 7 78 197
e 7 79 203
e 7 80 200
e 8 9 303
e 8 10 296
e 8 11 295
e 8 12 301
e 8 13 306
e 8 14 301
e 8 15 300
e 8 16 299
e 8 17 300
e 8 18 301
e 8 19 301
e 8 20 308
e 8 21 196
e 8 22 201
e 8 23 200
e 8 24 200
e 8 25 195
e 8 26 200
e 8 27 200
e 8 28 196
e 8 29 195
e 8 30 204
e 8 31 192
e 8 32 193
e 8 33 205
e 8 34 198
e 8 35 212
e 8 36 195
e 8 37 200
e 8 38 194
e 8 39 193
e 8 40 196
e 8 41 200
e 8 42 199
e 8 43 199
e 8 44 201
e 8 45 192
e 8 46 196
e 8 47 203
e 8 48 195
e 8 49 203
e 8 50 198
e 8 51 195
e 8 52 197
e 8 53 198
e 8 54 202
e 8 55 198
e 8 56 203
e 8 57 204
e 8 58 190
e 8 59 200
e 8 60 198
e 8 61 195
e 8 62 199
e 8 63 196
e 8 64 204
e 8 65 209
e 8 66 182
e 8 67 203
e 8 68 206
e 8 69 197
e 8 70 201
e 8 71 192
e 8 72 200
e 8 73 196
e 8 74 197
e 8 75 202
e 8 76 204
e 8 77 199
e 8 78 201
e 8 79 196
e 8 80 203
e 9 10 300
e 9 11 297
e 9 12 306
e 9 13 302
e 9 14 300
e 9 15 296
e 9 16 293
e 9 17 301
e 9 18 298
e 9 19 305
e 9 20 289
e 9 21 204
e 9 22 195
e 9 23 204
e 9 24 195
e 9 25 198
e 9 26 195
e 9 27 197
e 9 28 194
e 9 29 196
e 9 30 205
e 9 31 183
e 9 32 192
e 9 33 197
e 9 34 201
e 9 35 199
e 9 36 207
e 9 37 199
e 9 38 196
e 9 39 192
e 9 40 192
e 9 41 200
e 9 42 195
e 9 43 204
e 9 44 194
e 9 45 185
e 9 46 200
e 9 47 200
e 9 48 197
e 9 49 204
e 9 50 191
e 9 51 200
e 9 52 205
e 9 53 201
e 9 54 195
e 9 55 201
e 9 56 200
e 9 57 198
e 9 58 200
e 9 59 203
e 9 60 205
e 9 61 197
e 9 62 204
e 9 63 204
e 9 64 204
e 9 65 200
e 9 66 211
e 9 67 191
e 9 68 201
e 9 69 194
e 9 70 200
e 9 71 197
e 9 72 203
e 9 73 189
e 9 74 191
e 9 75 196
e 9 76 195
e 9 77 198
e 9 78 213
e 9 79 202
e 9 80 203
e 10 11 301
e 10 12 303
e 10 13 296
e 10 14 299
e 10 15 301
e 10 16 308
e 10 17 291
e 10 18 299
e 10 19 300
e 10 20 296
e 10 21 200
e 10 22 205
e 10 23 195
e 10 24 203
e 10 25 193
e 10 26 197
e 10 27 198
e 10 28 196
e 10 29 208
e 10 30 198
e 10 31 196
e 10 32 194
e 10 33 205
e 10 34 200
e 10 35 191
e 10 36 199
e 10 37 206
e 10 38 202
e 10 39 207
e 10 40 207
e 10 41 198
e 10 42 196
e 10 43 200
e 10 44 203
e 10 45 202
e 10 46 210
e 10 47 208
e 10 48 204
e 10 49 194
e 10 50 204
e 10 51 197
e 10 52 209
e 10 53 206
e 10 54 201
e 10 55 206
e 10 56 207
e 10 57 205
e 10 58 199
e 10 59 199
e 10 60 204
e 10 61 210
e 10 62 203
e 10 63 204
e 10 64 198
e 10 65 192
e 10 66 201
e 10 67 200
e 10 68 208
e 10 69 194
e 10 70 202
e 10 71 207
e 10 72 195
e 10 73 205
e 10 74 195
e 10 75 205
e 10 76 192
e 10 77 205
e 10 78 199
e 10 79 189
e 10 80 206
e 11 12 306
e 11 13 297
e 11 14 299
e 11 15 296
e 11 16 296
e 11 17 302
e 11 18 300
e 11 19 296
e 11 20 302
e 11 21 205
e 11 22 201
e 11 23 195
e 11 24 191
e 11 25 197
e 11 26 190
e 11 27 204
e 11 28 190
e 11 29 192
e 11 30 195
e 11 31 200
e 11 32 196
e 11 33 196
e 11 34 199
e 11 35 201
e 11 36 206
e 11 37 195
e 11 38 194
e 11 39 202
e 11 40 198
e 11 41 193
e 11 42 194
e 11 43 198
e 11 44 208
e 11 45 205
e 11 46 202
e 11 47 192
e 11 48 204
e 11 49 204
e 11 50 204
e 11 51 205
e 11 52 196
e 11 53 191
e 11 54 200
e 11 55 202
e 11 56 202
e 11 57 189
e 11 58 199
e 11 59 192
e 11 60 204
e 11 61 194
e 11 62 193
e 11 63 205
e 11 64 201
e 11 65 209
e 11 66 197
e 11 67 211
e 11 68 201
e 11 69 200
e 11 70 196
e 11 71 204
e 11 72 203
e 11 73 198
e 11 74 201
e 11 75 193
e 11 76 202
e 11 77 202
e 11 78 195
e 11 79 197
e 11 80 210
e 12 13 299
e 12 14 296
e 12 15 297
e 12 16 302
e 12 17 307
e 12 18 299
e 12 19 301
e 12 20 303
e 12 21 209
e 12 22 202
e 12 23 208
e 12 24 196
e 12 25 207
e 12 26 203
e 12 27 203
e 12 28 197
e 12 29 202
e 12 30 205
e 12 31 191
e 12 32 202
e 12 33 206
e 12 34 203
e 12 35 197
e 12 36 196
e 12 37 198
e 12 38 204
e 12 39 200
e 12 40 200
e 12 41 201
e 12 42 201
e 12 43 201
e 12 44 203
e 12 45 205
e 12 46 200
e 12 47 197
e 12 48 202
e 12 49 191
e 12 50 197
e 12 51 202
e 12 52 199
e 12 53 197
e 12 54 207
e 12 55 210
e 12 56 201
e 12 57 199
e 12 58 202
e 12 59 204
e 12 60 200
e 12 61 197
e 12 62 199
e 12 63 198
e 12 64 206
e 12 65 198
e 12 66 190
e 12 67 204
e 12 68 198
e 12 69 197
e 12 70 208
e 12 71 194
e 12 72 202
e 12 73 207
e 12 74 201
e 12 75 201
e 12 76 191
e 12 77 199
e 12 78 200
e 12 79 204
e 12 80 198
e 13 14 292
e 13 15 304
e 13 16 306
e 13 17 309
e 13 18 303
e 13 19 300
e 13 20 291
e 13 21 194
e 13 22 200
e 13 23 205
e 13 24 198
e 13 25 199
e 13 26 203
e 13 27 207
e 13 28 203
e 13 29 202
e 13 30 205
e 13 31 201
e 13 32 199
e 13 33 197
e 13 34 199
e 13 35 212
e 13 36 199
e 13 37 199
e 13 38 203
e 13 39 189
e 13 40 193
e 13 41 199
e 13 42 207
e 13 43 202
e 13 44 198
e 13 45 201
e 13 46 203
e 13 47 200
e 13 48 205
e 13 49 209
e 13 50 198
e 13 51 203
e 13 52 196
e 13 53 198
e 13 54 197
e 13 55 194
e 13 56 188
e 13 57 202
e 13 58 196
e 13 59 199
e 13 60 199
e 13 61 197
e 13 62 206
e 13 63 202
e 13 64 197
e 13 65 202
e 13 66 199
e 13 67 205
e 13 68 200
e 13 69 199
e 13 70 200
e 13 71 203
e 13 72 205
e 13 73 197
e 13 74 191
e 13 75 198
e 13 76 193
e 13 77 204
e 13 78 206
e 13 79 203
e 13 80 196
e 14 15 303
e 14 16 306
e 14 17 287
e 14 18 296
e 14 19 303
e 14 20 303
e 14 21 202
e 14 22 202
e 14 23 191
e 14 24 196
e 14 25 200
e 14 26 202
e 14 27 200
e 14 28 191
e 14 29 210
e 14 30 206
e 14 31 205
e 14 32 203
e 14 33 198
e 14 34 206
e 14 35 197
e 14 36 197
e 14 37 195
e 14 38 205
e 14 39 208
e 14 40 204
e 14 41 205
e 14 42 200
e 14 43 206
e 14 44 200
e 14 45 199
e 14 46 194
e 14 47 203
e 14 48 193
e 14 49 199
e 14 50 197
e 14 51 198
e 14 52 213
e 14 53 200
e 14 54 204
e 14 55 191
e 14 56 199
e 14 57 198
e 14 58 193
e 14 59 190
e 14 60 201
e 14 61 193
e 14 62 193
e 14 63 190
e 14 64 201
e 14 65 200
e 14 66 198
e 14 67 194
e 14 68 205
e 14 69 203
e 14 70 201
e 14 71 205
e 14 72 196
e 14 73 203
e 14 74 199
e 14 75 207
e 14 76 196
e 14 77 194
e 14 78 205
e 14 79 192
e 14 80 200
e 15 16 292
e 15 17 299
e 15 18 301
e 15 19 298
e 15 20 294
e 15 21 201
e 15 22 202
e 15 23 192
e 15 24 204
e 15 25 196
e 15 26 194
e 15 27 204
e 15 28 197
e 15 29 192
e 15 30 201
e 15 31 200
e 15 32 198
e 15 33 210
e 15 34 198
e 15 35 201
e 15 36 201
e 15 37 196
e 15 38 208
e 15 39 199
e 15 40 198
e 15 41 201
e 15 42 191
e 15 43 200
e 15 44 207
e 15 45 196
e 15 46 196
e 15 47 199
e 15 48 197
e 15 49 204
e 15 50 195
e 15 51 198
e 15 52 199
e 15 53 200
e 15 54 196
e 15 55 201
e 15 56 196
e 15 57 202
e 15 58 202
e 15 59 196
e 15 60 192
e 15 61 190
e 15 62 198
e 15 63 205
e 15 64 199
e 15 65 199
e 15 66 202
e 15 67 193
e 15 68 202
e 15 69 204
e 15 70 200
e 15 71 202
e 15 72 200
e 15 73 200
e 15 74 199
e 15 75 197
e 15 76 203
e 15 77 201
e 15 78 192
e 15 79 202
e 15 80 195
e 16 17 304
e 16 18 297
e 16 19 294
e 16 20 300
e 16 21 199
e 16 22 205
e 16 23 195
e 16 24 196
e 16 25 197
e 16 26 198
e 16 27 199
e 16 28 204
e 16 29 196
e 16 30 194
e 16 31 200
e 16 32 199
e 16 33 197
e 16 34 198
e 16 35 196
e 16 36 191
e 16 37 197
e 16 38 198
e 16 39 201
e 16 40 205
e 16 41 197
e 16 42 198
e 16 43 205
e 16 44 196
e 16 45 197
e 16 46 198
e 16 47 191
e 16 48 201
e 16 49 202
e 16 50 192
e 16 51 194
e 16 52 194
e 16 53 201
e 16 54 204
e 16 55 188
e 16 56 198
e 16 57 200
e 16 58 193
e 16 59 196
e 16 60 196
e 16 61 197
e 16 62 201
e 16 63 203
e 16 64 193
e 16 65 199
e 16 66 201
e 16 67 198
e 16 68 203
e 16 69 199
e 16 70 201
e 16 71 198
e 16 72 209
e 16 73 204
e 16 74 197
e 16 75 197
e 16 76 210
e 16 77 194
e 16 78 204
e 16 79 188
e 16 80 181
e 17 18 301
e 17 19 299
e 17 20 298
e 17 21 199
e 17 22 201
e 17 23 200
e 17 24 198
e 17 25 202
e 17 26 203
e 17 27 201
e 17 28 197
e 17 29 199
e 17 30 194
e 17 31 201
e 17 32 204
e 17 33 200
e 17 34 206
e 17 35 205
e 17 36 209
e 17 37 195
e 17 38 200
e 17 39 202
e 17 40 207
e 17 41 202
e 17 42 197
e 17 43 200
e 17 44 201
e 17 45 203
e 17 46 203
e 17 47 199
e 17 48 194
e 17 49 203
e 17 50 194
e 17 51 207
e 17 52 201
e 17 53 203
e 17 54 201
e 17 55 199
e 17 56 194
e 17 57 207
e 17 58 203
e 17 59 194
e 17 60 202
e 17 61 198
e 17 62 187
e 17 63 199
e 17 64 203
e 17 65 203
e 17 66 197
e 17 67 207
e 17 68 204
e 17 69 197
e 17 70 206
e 17 71 196
e 17 72 208
e 17 73 197
e 17 74 198
e 17 75 200
e 17 76 201
e 17 77 194
e 17 78 201
e 17 79 194
e 17 80 191
e 18 19 295
e 18 20 298
e 18 21 201
e 18 22 193
e 18 23 198
e 18 24 199
e 18 25 206
e 18 26 196
e 18 27 194
e 18 28 199
e 18 29 204
e 18 30 201
e 18 31 204
e 18 32 202
e 18 33 193
e 18 34 204
e 18 35 200
e 18 36 197
e 18 37 203
e 18 38 196
e 18 39 202
e 18 40 202
e 18 41 191
e 18 42 201
e 18 43 197
e 18 44 194
e 18 45 196
e 18 46 193
e 18 47 202
e 18 48 209
e 18 49 202
e 18 50 198
e 18 51 191
e 18 52 197
e 18 53 205
e 18 54 198
e 18 55 202
e 18 56 200
e 18 57 195
e 18 58 196
e 18 59 200
e 18 60 206
e 18 61 190
e 18 62 213
e 18 63 193
e 18 64 197
e 18 65 198
e 18 66 193
e 18 67 200
e 18 68 201
e 18 69 205
e 18 70 189
e 18 71 200
e 18 72 200
e 18 73 206
e 18 74 198
e 18 75 197
e 18 76 194
e 18 77 195
e 18 78 201
e 18 79 205
e 18 80 192
e 19 20 299
e 19 21 195
e 19 22 199
e 19 23 194
e 19 24 200
e 19 25 193
e 19 26 200
e 19 27 203
e 19 28 194
e 19 29 204
e 19 30 202
e 19 31 195
e 19 32 194
e 19 33 208
e 19 34 203
e 19 35 194
e 19 36 201
e 19 37 202
e 19 38 198
e 19 39 204
e 19 40 204
e 19 41 197
e 19 42 198
e 19 43 197
e 19 44 206
e 19 45 200
e 19 46 202
e 19 47 202
e 19 48 209
e 19 49 196
e 19 50 199
e 19 51 206
e 19 52 205
e 19 53 200
e 19 54 206
e 19 55 203
e 19 56 195
e 19 57 202
e 19 58 200
e 19 59 208
e 19 60 198
e 19 61 190
e 19 62 189
e 19 63 205
e 19 64 194
e 19 65 199
e 19 66 196
e 19 67 196
e 19 68 195
e 19 69 205
e 19 70 191
e 19 71 197
e 19 72 197
e 19 73 204
e 19 74 209
e 19 75 204
e 19 76 203
e 19 77 202
e 19 78 200
e 19 79 204
e 19 80 200
e 20 21 205
e 20 22 188
e 20 23 208
e 20 24 196
e 20 25 200
e 20 26 190
e 20 27 204
e 20 28 207
e 20 29 203
e 20 30 199
e 20 31 203
e 20 32 195
e 20 33 209
e 20 34 201
e 20 35 206
e 20 36 210
e 20 37 201
e 20 38 197
e 20 39 205
e 20 40 201
e 20 41 210
e 20 42 193
e 20 43 199
e 20 44 202
e 20 45 198
e 20 46 207
e 20 47 195
e 20 48 206
e 20 49 192
e 20 50 204
e 20 51 197
e 20 52 206
e 20 53 197
e 20 54 198
e 20 55 199
e 20 56 205
e 20 57 193
e 20 58 198
e 20 59 197
e 20 60 197
e 20 61 200
e 20 62 204
e 20 63 190
e 20 64 179
e 20 65 198
e 20 66 197
e 20 67 205
e 20 68 195
e 20 69 195
e 20 70 202
e 20 71 216
e 20 72 200
e 20 73 201
e 20 74 204
e 20 75 196
e 20 76 195
e 20 77 197
e 20 78 200
e 20 79 197
e 20 80 197
e 21 22 96
e 21 23 101
e 21 24 91
e 21 25 99
e 21 26 105
e 21 27 90
e 21 28 102
e 21 29 104
e 21 30 99
e 21 31 99
e 21 32 92
e 21 33 104
e 21 34 106
e 21 35 100
e 21 36 95
e 21 37 104
e 21 38 97
e 21 39 96
e 21 40 93
e 21 41 93
e 21 42 99
e 21 43 103
e 21 44 104
e 21 45 96
e 21 46 106
e 21 47 99
e 21 48 98
e 21 49 101
e 21 50 97
e 21 51 108
e 21 52 98
e 21 53 102
e 21 54 95
e 21 55 98
e 21 56 103
e 21 57 97
e 21 58 101
e 21 59 105
e 21 60 102
e 21 61 96
e 21 62 105
e 21 63 96
e 21 64 96
e 21 65 99
e 21 66 100
e 21 67 105
e 21 68 96
e 21 69 97
e 21 70 102
e 21 71 94
e 21 72 90
e 21 73 108
e 21 74 101
e 21 75 105
e 21 76 103
e 21 77 95
e 21 78 103
e 21 79 91
e 21 80 100
e 22 23 105
e 22 24 99
e 22 25 98
e 22 26 108
e 22 27 105
e 22 28 104
e 22 29 101
e 22 30 94
e 22 31 99
e 22 32 104
e 22 33 101
e 22 34 103
e 22 35 102
e 22 36 97
e 22 37 98
e 22 38 101
e 22 39 100
e 22 40 97
e 22 41 103
e 22 42 94
e 22 43 106
e 22 44 103
e 22 45 105
e 22 46 109
e 22 47 100
e 22 48 98
e 22 49 92
e 22 50 100
e 22 51 100
e 22 52 99
e 22 53 110
e 22 54 98
e 22 55 90
e 22 56 103
e 22 57 101
e 22 58 105
e 22 59 97
e 22 60 99
e 22 61 99
e 22 62 107
e 22 63 103
e 22 64 99
e 22 65 110
e 22 66 103
e 22 67 96
e 22 68 96
e 22 69 102
e 22 70 102
e 22 71 94
e 22 72 92
e 22 73 93
e 22 74 103
e 22 75 103
e 22 76 102
e 22 77 107
e 22 78 106
e 22 79 105
e 22 80 95
e 23 24 90
e 23 25 94
e 23 26 96
e 23 27 106
e 23 28 96
e 23 29 107
e 23 30 98
e 23 31 99
e 23 32 102
e 23 33 103
e 23 34 99
e 23 35 97
e 23 36 99
e 23 37 97
e 23 38 93
e 23 39 99
e 23 40 97
e 23 41 106
e 23 42 103
e 23 43 99
e 23 44 101
e 23 45 98
e 23 46 105
e 23 47 96
e 23 48 96
e 23 49 91
e 23 50 97
e 23 51 98
e 23 52 104
e 23 53 99
e 23 54 92
e 23 55 101
e 23 56 98
e 23 57 103
e 23 58 89
e 23 59 97
e 23 60 98
e 23 61 100
e 23 62 97
e 23 63 95
e 23 64 106
e 23 65 101
e 23 66 102
e 23 67 97
e 23 68 107
e 23 69 101
e 23 70 97
e 23 71 111
e 23 72 99
e 23 73 106
e 23 74 95
e 23 75 91
e 23 76 96
e 23 77 105
e 23 78 102
e 23 79 93
e 23 80 102
e 24 25 104
e 24 26 100
e 24 27 96
e 24 28 90
e 24 29 95
e 24 30 104
e 24 31 102
e 24 32 101
e 24 33 102
e 24 34 113
e 24 35 110
e 24 36 105
e 24 37 112
e 24 38 102
e 24 39 100
e 24 40 97
e 24 41 104
e 24 42 104
e 24 43 108
e 24 44 102
e 24 45 99
e 24 46 105
e 24 47 91
e 24 48 101
e 24 49 103
e 24 50 103
e 24 51 92
e 24 52 102
e 24 53 110
e 24 54 100
e 24 55 92
e 24 56 98
e 24 57 102
e 24 58 96
e 24 59 100
e 24 60 94
e 24 61 94
e 24 62 95
e 24 63 95
e 24 64 99
e 24 65 105
e 24 66 101
e 24 67 97
e 24 68 97
e 24 69 104
e 24 70 109
e 24 71 101
e 24 72 104
e 24 73 95
e 24 74 96
e 24 75 93
e 24 76 93
e 24 77 102
e 24 78 98
e 24 79 102
e 24 80 94
e 25 26 93
e 25 27 104
e 25 28 98
e 25 29 103
e 25 30 104
e 25 31 100
e 25 32 106
e 25 33 95
e 25 34 101
e 25 35 101
e 25 36 97
e 25 37 103
e 25 38 95
e 25 39 102
e 25 40 90
e 25 41 95
e 25 42 97
e 25 43 98
e 25 44 100
e 25 45 98
e 25 46 103
e 25 47 106
e 25 48 97
e 25 49 103
e 25 50 107
e 25 51 112
e 25 52 92
e 25 53 97
e 25 54 98
e 25 55 104
e 25 56 94
e 25 57 97
e 25 58 92
e 25 59 102
e 25 60 101
e 25 61 96
e 25 62 95
e 25 63 95
e 25 64 103
e 25 65 93
e 25 66 96
e 25 67 103
e 25 68 104
e 25 69 99
e 25 70 102
e 25 71 96
e 25 72 100
e 25 73 102
e 25 74 89
e 25 75 94
e 25 76 104
e 25 77 103
e 25 78 96
e 25 79 102
e 25 80 103
e 26 27 101
e 26 28 98
e 26 29 91
e 26 30 105
e 26 31 104
e 26 32 98
e 26 33 108
e 26 34 89
e 26 35 100
e 26 36 98
e 26 37 96
e 26 38 94
e 26 39 97
e 26 40 96
e 26 41 97
e 26 42 96
e 26 43 101
e 26 44 104
e 26 45 93
e 26 46 98
e 26 47 108
e 26 48 94
e 26 49 95
e 26 50 103
e 26 51 97
e 26 52 86
e 26 53 105
e 26 54 104
e 26 55 98
e 26 56 100
e 26 57 105
e 26 58 96
e 26 59 97
e 26 60 93
e 26 61 102
e 26 62 100
e 26 63 105
e 26 64 98
e 26 65 109
e 26 66 99
e 26 67 101
e 26 68 100
e 26 69 101
e 26 70 103
e 26 71 85
e 26 72 108
e 26 73 104
e 26 74 94
e 26 75 101
e 26 76 94
e 26 77 93
e 26 78 101
e 26 79 88
e 26 80 105
e 27 28 96
e 27 29 89
e 27 30 95
e 27 31 100
e 27 32 96
e 27 33 102
e 27 34 100
e 27 35 102
e 27 36 103
e 27 37 97
e 27 38 107
e 27 39 102
e 27 40 94
e 27 41 109
e 27 42 96
e 27 43 92
e 27 44 101
e 27 45 102
e 27 46 104
e 27 47 97
e 27 48 98
e 27 49 99
e 27 50 105
e 27 51 102
e 27 52 111
e 27 53 95
e 27 54 99
e 27 55 100
e 27 56 100
e 27 57 101
e 27 58 106
e 27 59 105
e 27 60 103
e 27 61 98
e 27 62 115
e 27 63 101
e 27 64 103
e 27 65 91
e 27 66 95
e 27 67 103
e 27 68 100
e 27 69 99
e 27 70 101
e 27 71 94
e 27 72 98
e 27 73 104
e 27 74 99
e 27 75 101
e 27 76 102
e 27 77 93
e 27 78 106
e 27 79 96
e 27 80 99
e 28 29 112
e 28 30 99
e 28 31 89
e 28 32 102
e 28 33 111
e 28 34 95
e 28 35 102
e 28 36 96
e 28 37 95
e 28 38 97
e 28 39 105
e 28 40 103
e 28 41 105
e 28 42 102
e 28 43 105
e 28 44 95
e 28 45 103
e 28 46 99
e 28 47 104
e 28 48 109
e 28 49 95
e 28 50 105
e 28 51 95
e 28 52 106
e 28 53 96
e 28 54 105
e 28 55 105
e 28 56 95
e 28 57 92
e 28 58 98
e 28 59 101
e 28 60 107
e 28 61 99
e 28 62 97
e 28 63 96
e 28 64 101
e 28 65 98
e 28 66 96
e 28 67 102
e 28 68 101
e 28 69 103
e 28 70 104
e 28 71 96
e 28 72 97
e 28 73 103
e 28 74 98
e 28 75 94
e 28 76 93
e 28 77 100
e 28 78 99
e 28 79 91
e 28 80 107
e 29 30 107
e 29 31 98
e 29 32 104
e 29 33 111
e 29 34 103
e 29 35 99
e 29 36 111
e 29 37 102
e 29 38 99
e 29 39 99
e 29 40 97
e 29 41 100
e 29 42 105
e 29 43 99
e 29 44 102
e 29 45 98
e 29 46 101
e 29 47 96
e 29 48 102
e 29 49 99
e 29 50 106
e 29 51 106
e 29 52 93
e 29 53 100
e 29 54 104
e 29 55 99
e 29 56 99
e 29 57 103
e 29 58 106
e 29 59 104
e 29 60 105
e 29 61 100
e 29 62 100
e 29 63 101
e 29 64 97
e 29 65 94
e 29 66 92
e 29 67 103
e 29 68 97
e 29 69 96
e 29 70 107
e 29 71 106
e 29 72 104
e 29 73 93
e 29 74 101
e 29 75 104
e 29 76 111
e 29 77 92
e 29 78 90
e 29 79 97
e 29 80 92
e 30 31 95
e 30 32 98
e 30 33 95
e 30 34 110
e 30 35 101
e 30 36 101
e 30 37 102
e 30 38 94
e 30 39 96
e 30 40 104
e 30 41 91
e 30 42 107
e 30 43 100
e 30 44 112
e 30 45 102
e 30 46 101
e 30 47 95
e 30 48 95
e 30 49 90
e 30 50 103
e 30 51 101
e 30 52 106
e 30 53 107
e 30 54 101
e 30 55 101
e 30 56 106
e 30 57 101
e 30 58 102
e 30 59 100
e 30 60 91
e 30 61 104
e 30 62 92
e 30 63 101
e 30 64 95
e 30 65 91
e 30 66 99
e 30 67 95
e 30 68 99
e 30 69 106
e 30 70 99
e 30 71 107
e 30 72 97
e 30 73 103
e 30 74 104
e 30 75 105
e 30 76 97
e 30 77 102
e 30 78 99
e 30 79 91
e 30 80 98
e 31 32 104
e 31 33 103
e 31 34 104
e 31 35 101
e 31 36 91
e 31 37 100
e 31 38 95
e 31 39 96
e 31 40 97
e 31 41 95
e 31 42 100
e 31 43 111
e 31 44 93
e 31 45 99
e 31 46 101
e 31 47 94
e 31 48 98
e 31 49 103
e 31 50 105
e 31 51 109
e 31 52 99
e 31 53 94
e 31 54 95
e 31 55 97
e 31 56 95
e 31 57 96
e 31 58 99
e 31 59 101
e 31 60 102
e 31 61 99
e 31 62 101
e 31 63 102
e 31 64 98
e 31 65 103
e 31 66 105
e 31 67 96
e 31 68 103
e 31 69 104
e 31 70 97
e 31 71 103
e 31 72 98
e 31 73 97
e 31 74 104
e 31 75 100
e 31 76 95
e 31 77 97
e 31 78 100
e 31 79 99
e 31 80 105
e 32 33 105
e 32 34 92
e 32 35 101
e 32 36 103
e 32 37 101
e 32 38 107
e 32 39 98
e 32 40 98
e 32 41 102
e 32 42 96
e 32 43 96
e 32 44 108
e 32 45 110
e 32 46 99
e 32 47 100
e 32 48 103
e 32 49 110
e 32 50 102
e 32 51 103
e 32 52 97
e 32 53 88
e 32 54 104
e 32 55 107
e 32 56 91
e 32 57 106
e 32 58 102
e 32 59 101
e 32 60 107
e 32 61 97
e 32 62 103
e 32 63 109
e 32 64 97
e 32 65 99
e 32 66 104
e 32 67 96
e 32 68 101
e 32 69 97
e 32 70 97
e 32 71 104
e 32 72 100
e 32 73 99
e 32 74 92
e 32 75 107
e 32 76 101
e 32 77 90
e 32 78 94
e 32 79 97
e 32 80 105
e 33 34 86
e 33 35 102
e 33 36 101
e 33 37 100
e 33 38 106
e 33 39 102
e 33 40 105
e 33 41 93
e 33 42 105
e 33 43 98
e 33 44 106
e 33 45 98
e 33 46 97
e 33 47 103
e 33 48 98
e 33 49 95
e 33 50 93
e 33 51 98
e 33 52 98
e 33 53 104
e 33 54 89
e 33 55 97
e 33 56 100
e 33 57 99
e 33 58 98
e 33 59 99
e 33 60 97
e 33 61 104
e 33 62 102
e 33 63 95
e 33 64 103
e 33 65 93
e 33 66 100
e 33 67 93
e 33 68 100
e 33 69 101
e 33 70 102
e 33 71 89
e 33 72 98
e 33 73 100
e 33 74 101
e 33 75 94
e 33 76 105
e 33 77 101
e 33 78 97
e 33 79 101
e 33 80 99
e 34 35 98
e 34 36 102
e 34 37 101
e 34 38 99
e 34 39 98
e 34 40 102
e 34 41 99
e 34 42 98
e 34 43 102
e 34 44 97
e 34 45 94
e 34 46 99
e 34 47 101
e 34 48 102
e 34 49 97
e 34 50 96
e 34 51 102
e 34 52 96
e 34 53 100
e 34 54 106
e 34 55 105
e 34 56 99
e 34 57 94
e 34 58 108
e 34 59 98
e 34 60 99
e 34 61 93
e 34 62 101
e 34 63 106
e 34 64 96
e 34 65 89
e 34 66 94
e 34 67 103
e 34 68 105
e 34 69 98
e 34 70 100
e 34 71 96
e 34 72 96
e 34 73 100
e 34 74 104
e 34 75 102
e 34 76 113
e 34 77 100
e 34 78 97
e 34 79 89
e 34 80 98
e 35 36 102
e 35 37 88
e 35 38 96
e 35 39 104
e 35 40 98
e 35 41 102
e 35 42 102
e 35 43 104
e 35 44 97
e 35 45 95
e 35 46 102
e 35 47 97
e 35 48 95
e 35 49 101
e 35 50 99
e 35 51 99
e 35 52 97
e 35 53 102
e 35 54 102
e 35 55 102
e 35 56 99
e 35 57 91
e 35 58 96
e 35 59 106
e 35 60 99
e 35 61 102
e 35 62 99
e 35 63 103
e 35 64 97
e 35 65 92
e 35 66 110
e 35 67 109
e 35 68 102
e 35 69 101
e 35 70 98
e 35 71 100
e 35 72 104
e 35 73 109
e 35 74 96
e 35 75 102
e 35 76 101
e 35 77 92
e 35 78 96
e 35 79 103
e 35 80 109
e 36 37 97
e 36 38 102
e 36 39 97
e 36 40 105
e 36 41 93
e 36 42 101
e 36 43 104
e 36 44 106
e 36 45 96
e 36 46 103
e 36 47 95
e 36 48 106
e 36 49 101
e 36 50 95
e 36 51 101
e 36 52 94
e 36 53 109
e 36 54 105
e 36 55 104
e 36 56 102
e 36 57 100
e 36 58 101
e 36 59 98
e 36 60 93
e 36 61 89
e 36 62 107
e 36 63 104
e 36 64 103
e 36 65 105
e 36 66 108
e 36 67 99
e 36 68 95
e 36 69 97
e 36 70 105
e 36 71 98
e 36 72 110
e 36 73 93
e 36 74 98
e 36 75 96
e 36 76 99
e 36 77 95
e 36 78 99
e 36 79 97
e 36 80 101
e 37 38 97
e 37 39 98
e 37 40 106
e 37 41 93
e 37 42 102
e 37 43 93
e 37 44 96
e 37 45 103
e 37 46 104
e 37 47 106
e 37 48 101
e 37 49 108
e 37 50 107
e 37 51 101
e 37 52 102
e 37 53 103
e 37 54 101
e 37 55 99
e 37 56 102
e 37 57 105
e 37 58 97
e 37 59 86
e 37 60 98
e 37 61 95
e 37 62 104
e 37 63 102
e 37 64 103
e 37 65 106
e 37 66 98
e 37 67 91
e 37 68 98
e 37 69 98
e 37 70 99
e 37 71 94
e 37 72 96
e 37 73 95
e 37 74 92
e 37 75 105
e 37 76 98
e 37 77 109
e 37 78 102
e 37 79 100
e 37 80 94
e 38 39 97
e 38 40 98
e 38 41 98
e 38 42 103
e 38 43 92
e 38 44 105
e 38 45 99
e 38 46 104
e 38 47 104
e 38 48 107
e 38 49 102
e 38 50 105
e 38 51 99
e 38 52 99
e 38 53 100
e 38 54 100
e 38 55 95
e 38 56 95
e 38 57 97
e 38 58 101
e 38 59 93
e 38 60 101
e 38 61 103
e 38 62 101
e 38 63 98
e 38 64 92
e 38 65 93
e 38 66 95
e 38 67 94
e 38 68 90
e 38 69 97
e 38 70 105
e 38 71 102
e 38 72 91
e 38 73 100
e 38 74 106
e 38 75 100
e 38 76 105
e 38 77 101
e 38 78 102
e 38 79 102
e 38 80 107
e 39 40 106
e 39 41 98
e 39 42 104
e 39 43 101
e 39 44 103
e 39 45 104
e 39 46 109
e 39 47 97
e 39 48 94
e 39 49 105
e 39 50 94
e 39 51 97
e 39 52 96
e 39 53 101
e 39 54 94
e 39 55 101
e 39 56 102
e 39 57 102
e 39 58 97
e 39 59 91
e 39 60 104
e 39 61 90
e 39 62 98
e 39 63 94
e 39 64 91
e 39 65 102
e 39 66 95
e 39 67 99
e 39 68 97
e 39 69 103
e 39 70 100
e 39 71 103
e 39 72 95
e 39 73 103
e 39 74 100
e 39 75 97
e 39 76 109
e 39 77 100
e 39 78 86
e 39 79 112
e 39 80 103
e 40 41 99
e 40 42 94
e 40 43 95
e 40 44 94
e 40 45 96
e 40 46 98
e 40 47 104
e 40 48 99
e 40 49 102
e 40 50 99
e 40 51 96
e 40 52 99
e 40 53 99
e 40 54 106
e 40 55 92
e 40 56 91
e 40 57 93
e 40 58 95
e 40 59 89
e 40 60 93
e 40 61 97
e 40 62 101
e 40 63 97
e 40 64 94
e 40 65 94
e 40 66 100
e 40 67 91
e 40 68 98
e 40 69 113
e 40 70 96
e 40 71 95
e 40 72 99
e 40 73 94
e 40 74 112
e 40 75 91
e 40 76 102
e 40 77 98
e 40 78 94
e 40 79 104
e 40 80 105
e 41 42 103
e 41 43 106
e 41 44 103
e 41 45 100
e 41 46 87
e 41 47 110
e 41 48 92
e 41 49 98
e 41 50 104
e 41 51 99
e 41 52 110
e 41 53 102
e 41 54 92
e 41 55 100
e 41 56 99
e 41 57 98
e 41 58 86
e 41 59 102
e 41 60 104
e 41 61 98
e 41 62 103
e 41 63 103
e 41 64 99
e 41 65 99
e 41 66 100
e 41 67 100
e 41 68 102
e 41 69 96
e 41 70 107
e 41 71 116
e 41 72 101
e 41 73 99
e 41 74 90
e 41 75 103
e 41 76 99
e 41 77 101
e 41 78 101
e 41 79 88
e 41 80 98
e 42 43 99
e 42 44 93
e 42 45 101
e 42 46 100
e 42 47 98
e 42 48 104
e 42 49 100
e 42 50 102
e 42 51 93
e 42 52 103
e 42 53 105
e 42 54 92
e 42 55 91
e 42 56 94
e 42 57 108
e 42 58 106
e 42 59 106
e 42 60 100
e 42 61 101
e 42 62 108
e 42 63 92
e 42 64 100
e 42 65 93
e 42 66 101
e 42 67 104
e 42 68 100
e 42 69 102
e 42 70 101
e 42 71 103
e 42 72 90
e 42 73 105
e 42 74 94
e 42 75 101
e 42 76 88
e 42 77 91
e 42 78 96
e 42 79 96
e 42 80 101
e 43 44 104
e 43 45 90
e 43 46 102
e 43 47 95
e 43 48 105
e 43 49 87
e 43 50 98
e 43 51 99
e 43 52 102
e 43 53 98
e 43 54 103
e 43 55 97
e 43 56 101
e 43 57 110
e 43 58 96
e 43 59 99
e 43 60 104
e 43 61 90
e 43 62 100
e 43 63 95
e 43 64 100
e 43 65 95
e 43 66 104
e 43 67 105
e 43 68 104
e 43 69 105
e 43 70 94
e 43 71 94
e 43 72 103
e 43 73 98
e 43 74 88
e 43 75 97
e 43 76 107
e 43 77 96
e 43 78 107
e 43 79 102
e 43 80 103
e 44 45 98
e 44 46 113
e 44 47 106
e 44 48 92
e 44 49 107
e 44 50 104
e 44 51 91
e 44 52 95
e 44 53 98
e 44 54 97
e 44 55 101
e 44 56 106
e 44 57 101
e 44 58 101
e 44 59 95
e 44 60 100
e 44 61 103
e 44 62 97
e 44 63 97
e 44 64 88
e 44 65 98
e 44 66 90
e 44 67 100
e 44 68 96
e 44 69 108
e 44 70 101
e 44 71 99
e 44 72 98
e 44 73 94
e 44 74 103
e 44 75 106
e 44 76 94
e 44 77 102
e 44 78 97
e 44 79 92
e 44 80 99
e 45 46 99
e 45 47 100
e 45 48 100
e 45 49 106
e 45 50 102
e 45 51 97
e 45 52 105
e 45 53 101
e 45 54 101
e 45 55 102
e 45 56 106
e 45 57 95
e 45 58 95
e 45 59 96
e 45 60 96
e 45 61 93
e 45 62 95
e 45 63 99
e 45 64 105
e 45 65 99
e 45 66 90
e 45 67 99
e 45 68 104
e 45 69 101
e 45 70 102
e 45 71 90
e 45 72 99
e 45 73 104
e 45 74 104
e 45 75 91
e 45 76 107
e 45 77 103
e 45 78 89
e 45 79 99
e 45 80 89
e 46 47 99
e 46 48 99
e 46 49 98
e 46 50 99
e 46 51 99
e 46 52 98
e 46 53 98
e 46 54 93
e 46 55 95
e 46 56 102
e 46 57 98
e 46 58 102
e 46 59 108
e 46 60 98
e 46 61 89
e 46 62 102
e 46 63 98
e 46 64 93
e 46 65 106
e 46 66 106
e 46 67 97
e 46 68 109
e 46 69 92
e 46 70 99
e 46 71 99
e 46 72 91
e 46 73 100
e 46 74 99
e 46 75 111
e 46 76 109
e 46 77 94
e 46 78 102
e 46 79 99
e 46 80 97
e 47 48 103
e 47 49 103
e 47 50 103
e 47 51 102
e 47 52 106
e 47 53 97
e 47 54 98
e 47 55 96
e 47 56 100
e 47 57 90
e 47 58 104
e 47 59 92
e 47 60 98
e 47 61 99
e 47 62 102
e 47 63 103
e 47 64 101
e 47 65 104
e 47 66 94
e 47 67 101
e 47 68 104
e 47 69 95
e 47 70 99
e 47 71 96
e 47 72 105
e 47 73 105
e 47 74 100
e 47 75 103
e 47 76 103
e 47 77 103
e 47 78 99
e 47 79 100
e 47 80 91
e 48 49 102
e 48 50 103
e 48 51 96
e 48 52 98
e 48 53 101
e 48 54 99
e 48 55 100
e 48 56 102
e 48 57 101
e 48 58 91
e 48 59 97
e 48 60 104
e 48 61 105
e 48 62 102
e 48 63 105
e 48 64 101
e 48 65 103
e 48 66 96
e 48 67 95
e 48 68 94
e 48 69 102
e 48 70 99
e 48 71 97
e 48 72 100
e 48 73 103
e 48 74 92
e 48 75 95
e 48 76 101
e 48 77 102
e 48 78 107
e 48 79 103
e 48 80 92
e 49 50 100
e 49 51 91
e 49 52 98
e 49 53 95
e 49 54 103
e 49 55 96
e 49 56 98
e 49 57 94
e 49 58 101
e 49 59 97
e 49 60 100
e 49 61 99
e 49 62 92
e 49 63 100
e 49 64 100
e 49 65 93
e 49 66 100
e 49 67 104
e 49 68 108
e 49 69 100
e 49 70 94
e 49 71 99
e 49 72 104
e 49 73 98
e 49 74 112
e 49 75 97
e 49 76 97
e 49 77 95
e 49 78 103
e 49 79 98
e 49 80 93
e 50 51 97
e 50 52 104
e 50 53 102
e 50 54 95
e 50 55 94
e 50 56 89
e 50 57 92
e 50 58 98
e 50 59 107
e 50 60 96
e 50 61 104
e 50 62 97
e 50 63 89
e 50 64 99
e 50 65 97
e 50 66 104
e 50 67 95
e 50 68 98
e 50 69 94
e 50 70 106
e 50 71 94
e 50 72 102
e 50 73 94
e 50 74 102
e 50 75 94
e 50 76 97
e 50 77 104
e 50 78 97
e 50 79 103
e 50 80 110
e 51 52 105
e 51 53 98
e 51 54 106
e 51 55 88
e 51 56 104
e 51 57 104
e 51 58 100
e 51 59 97
e 51 60 94
e 51 61 99
e 51 62 97
e 51 63 94
e 51 64 97
e 51 65 94
e 51 66 97
e 51 67 104
e 51 68 102
e 51 69 96
e 51 70 97
e 51 71 101
e 51 72 107
e 51 73 99
e 51 74 99
e 51 75 99
e 51 76 92
e 51 77 97
e 51 78 96
e 51 79 95
e 51 80 106
e 52 53 96
e 52 54 102
e 52 55 99
e 52 56 99
e 52 57 98
e 52 58 99
e 52 59 95
e 52 60 98
e 52 61 100
e 52 62 96
e 52 63 100
e 52 64 101
e 52 65 89
e 52 66 93
e 52 67 103
e 52 68 95
e 52 69 99
e 52 70 98
e 52 71 87
e 52 72 93
e 52 73 106
e 52 74 97
e 52 75 103
e 52 76 100
e 52 77 93
e 52 78 92
e 52 79 101
e 52 80 102
e 53 54 97
e 53 55 99
e 53 56 108
e 53 57 98
e 53 58 88
e 53 59 96
e 53 60 100
e 53 61 92
e 53 62 111
e 53 63 97
e 53 64 95
e 53 65 106
e 53 66 91
e 53 67 98
e 53 68 97
e 53 69 104
e 53 70 98
e 53 71 101
e 53 72 101
e 53 73 100
e 53 74 95
e 53 75 101
e 53 76 97
e 53 77 103
e 53 78 102
e 53 79 102
e 53 80 98
e 54 55 93
e 54 56 105
e 54 57 105
e 54 58 98
e 54 59 103
e 54 60 106
e 54 61 101
e 54 62 100
e 54 63 95
e 54 64 97
e 54 65 105
e 54 66 96
e 54 67 96
e 54 68 102
e 54 69 95
e 54 70 92
e 54 71 99
e 54 72 101
e 54 73 91
e 54 74 101
e 54 75 94
e 54 76 97
e 54 77 87
e 54 78 111
e 54 79 100
e 54 80 97
e 55 56 102
e 55 57 103
e 55 58 100
e 55 59 103
e 55 60 95
e 55 61 97
e 55 62 103
e 55 63 102
e 55 64 99
e 55 65 91
e 55 66 97
e 55 67 100
e 55 68 106
e 55 69 96
e 55 70 101
e 55 71 99
e 55 72 104
e 55 73 104
e 55 74 91
e 55 75 96
e 55 76 107
e 55 77 96
e 55 78 96
e 55 79 100
e 55 80 87
e 56 57 95
e 56 58 83
e 56 59 97
e 56 60 99
e 56 61 98
e 56 62 102
e 56 63 101
e 56 64 98
e 56 65 100
e 56 66 114
e 56 67 97
e 56 68 102
e 56 69 108
e 56 70 87
e 56 71 103
e 56 72 101
e 56 73 101
e 56 74 95
e 56 75 96
e 56 76 105
e 56 77 98
e 56 78 97
e 56 79 92
e 56 80 97
e 57 58 98
e 57 59 100
e 57 60 102
e 57 61 99
e 57 62 95
e 57 63 94
e 57 64 96
e 57 65 105
e 57 66 92
e 57 67 101
e 57 68 91
e 57 69 98
e 57 70 106
e 57 71 100
e 57 72 99
e 57 73 95
e 57 74 94
e 57 75 99
e 57 76 108
e 57 77 108
e 57 78 91
e 57 79 97
e 57 80 103
e 58 59 95
e 58 60 101
e 58 61 98
e 58 62 105
e 58 63 100
e 58 64 109
e 58 65 106
e 58 66 103
e 58 67 90
e 58 68 104
e 58 69 106
e 58 70 102
e 58 71 99
e 58 72 100
e 58 73 99
e 58 74 101
e 58 75 91
e 58 76 96
e 58 77 101
e 58 78 101
e 58 79 95
e 58 80 105
e 59 60 103
e 59 61 110
e 59 62 104
e 59 63 98
e 59 64 101
e 59 65 105
e 59 66 106
e 59 67 103
e 59 68 106
e 59 69 102
e 59 70 95
e 59 71 86
e 59 72 97
e 59 73 103
e 59 74 97
e 59 75 108
e 59 76 101
e 59 77 91
e 59 78 99
e 59 79 102
e 59 80 104
e 60 61 94
e 60 62 108
e 60 63 95
e 60 64 104
e 60 65 109
e 60 66 102
e 60 67 102
e 60 68 103
e 60 69 102
e 60 70 108
e 60 71 98
e 60 72 101
e 60 73 96
e 60 74 103
e 60 75 92
e 60 76 96
e 60 77 92
e 60 78 102
e 60 79 102
e 60 80 96
e 61 62 98
e 61 63 106
e 61 64 94
e 61 65 93
e 61 66 98
e 61 67 107
e 61 68 103
e 61 69 92
e 61 70 101
e 61 71 101
e 61 72 99
e 61 73 97
e 61 74 101
e 61 75 103
e 61 76 97
e 61 77 100
e 61 78 93
e 61 79 94
e 61 80 103
e 62 63 99
e 62 64 103
e 62 65 97
e 62 66 91
e 62 67 96
e 62 68 98
e 62 69 102
e 62 70 104
e 62 71 99
e 62 72 99
e 62 73 98
e 62 74 103
e 62 75 103
e 62 76 101
e 62 77 99
e 62 78 97
e 62 79 94
e 62 80 98
e 63 64 100
e 63 65 98
e 63 66 98
e 63 67 96
e 63 68 95
e 63 69 104
e 63 70 103
e 63 71 91
e 63 72 94
e 63 73 102
e 63 74 99
e 63 75 101
e 63 76 97
e 63 77 101
e 63 78 91
e 63 79 104
e 63 80 98
e 64 65 97
e 64 66 105
e 64 67 96
e 64 68 98
e 64 69 103
e 64 70 105
e 64 71 107
e 64 72 101
e 64 73 96
e 64 74 96
e 64 75 100
e 64 76 106
e 64 77 100
e 64 78 101
e 64 79 97
e 64 80 96
e 65 66 107
e 65 67 99
e 65 68 97
e 65 69 91
e 65 70 100
e 65 71 97
e 65 72 96
e 65 73 101
e 65 74 103
e 65 75 97
e 65 76 101
e 65 77 96
e 65 78 99
e 65 79 95
e 65 80 105
e 66 67 96
e 66 68 98
e 66 69 106
e 66 70 104
e 66 71 96
e 66 72 89
e 66 73 91
e 66 74 96
e 66 75 93
e 66 76 100
e 66 77 95
e 66 78 98
e 66 79 106
e 66 80 101
e 67 68 94
e 67 69 92
e 67 70 88
e 67 71 95
e 67 72 103
e 67 73 95
e 67 74 95
e 67 75 104
e 67 76 100
e 67 77 99
e 67 78 100
e 67 79 97
e 67 80 98
e 68 69 95
e 68 70 101
e 68 71 102
e 68 72 103
e 68 73 102
e 68 74 97
e 68 75 101
e 68 76 105
e 68 77 98
e 68 78 108
e 68 79 99
e 68 80 90
e 69 70 91
e 69 71 100
e 69 72 103
e 69 73 111
e 69 74 101
e 69 75 107
e 69 76 97
e 69 77 100
e 69 78 94
e 69 79 99
e 69 80 94
e 70 71 100
e 70 72 102
e 70 73 97
e 70 74 106
e 70 75 102
e 70 76 105
e 70 77 98
e 70 78 92
e 70 79 97
e 70 80 105
e 71 72 93
e 71 73 104
e 71 74 100
e 71 75 94
e 71 76 90
e 71 77 100
e 71 78 97
e 71 79 93
e 71 80 95
e 72 73 96
e 72 74 93
e 72 75 107
e 72 76 98
e 72 77 97
e 72 78 106
e 72 79 100
e 72 80 97
e 73 74 112
e 73 75 102
e 73 76 94
e 73 77 106
e 73 78 97
e 73 79 109
e 73 80 100
e 74 75 99
e 74 76 99
e 74 77 96
e 74 78 90
e 74 79 98
e 74 80 108
e 75 76 103
e 75 77 100
e 75 78 98
e 75 79 112
e 75 80 96
e 76 77 99
e 76 78 97
e 76 79 113
e 76 80 101
e 77 78 101
e 77 79 104
e 77 80 98
e 78 79 104
e 78 80 111
e 79 80 105