DIMACS2
20 1
 2
 3
 4
 5
 6
 7
 8
 9
 10
 11
 12
 13
 14
 15 16
 17
 18
 19
 20

p edge 80 350
e 1 2 300
e 1 15 291
e 1 25 200
e 1 28 204
e 1 36 201
e 1 38 199
e 1 41 199
e 1 46 198
e 1 55 194
e 1 56 193
e 1 59 207
e 1 67 192
e 1 70 196
e 2 4 298
e 2 13 296
e 2 23 213
e 2 42 201
e 2 59 199
e 2 70 200
e 2 71 204
e 2 77 198
e 3 27 194
e 3 28 198
e 3 31 194
e 3 46 203
e 3 49 201
e 3 58 209
e 3 76 205
e 4 12 294
e 4 14 297
e 4 15 310
e 4 22 207
e 4 33 196
e 4 51 205
e 4 60 194
e 4 62 195
e 5 12 298
e 5 13 296
e 5 19 303
e 5 33 203
e 5 39 203
e 5 46 189
e 5 52 192
e 6 7 289
e 6 11 295
e 6 16 301
e 6 26 208
e 6 28 207
e 6 32 203
e 6 34 200
e 6 35 207
e 6 38 200
e 6 55 198
e 6 64 201
e 6 65 195
e 6 72 209
e 6 79 198
e 7 8 300
e 7 37 198
e 7 59 195
e 7 65 213
e 8 13 307
e 8 22 190
e 8 28 202
e 8 45 204
e 8 47 186
e 8 51 189
e 8 75 198
e 9 12 302
e 9 14 306
e 9 38 203
e 9 40 194
e 9 43 201
e 9 47 195
e 9 60 202
e 9 63 208
e 9 64 202
e 10 13 298
e 10 41 202
e 10 51 201
e 10 57 195
e 10 76 202
e 11 22 202
e 11 36 197
e 11 38 196
e 11 46 194
e 11 47 205
e 11 55 198
e 11 59 212
e 11 64 193
e 11 67 194
e 11 74 201
e 12 15 302
e 12 26 198
e 12 51 208
e 12 53 202
e 12 59 194
e 12 63 202
e 13 32 205
e 13 40 208
e 13 47 200
e 13 53 199
e 13 56 194
e 13 58 199
e 13 65 199
e 14 22 197
e 14 24 192
e 14 34 196
e 14 43 203
e 14 44 205
e 14 52 204
e 14 68 209
e 15 17 305
e 15 19 301
e 15 23 203
e 15 27 201
e 15 55 194
e 15 61 204
e 15 76 191
e 16 32 200
e 16 34 205
e 16 51 199
e 16 67 194
e 16 77 191
e 16 78 209
e 17 30 200
e 17 32 202
e 17 34 206
e 17 35 195
e 17 49 199
e 17 71 196
e 17 77 201
e 18 21 200
e 18 40 204
e 18 47 198
e 18 51 201
e 18 74 197
e 19 22 193
e 19 24 198
e 19 32 198
e 19 41 198
e 19 67 204
e 20 30 205
e 20 31 201
e 20 32 200
e 20 58 206
e 20 65 198
e 20 76 199
e 20 77 196
e 20 78 195
e 21 34 88
e 21 68 101
e 21 72 111
e 21 73 102
e 21 74 106
e 22 32 107
e 22 37 96
e 22 50 97
e 22 51 104
e 22 72 98
e 22 79 103
e 23 31 106
e 23 54 94
e 23 67 99
e 24 25 98
e 24 28 100
e 24 30 101
e 24 39 95
e 24 48 97
e 24 50 101
e 24 62 103
e 24 69 96
e 25 35 101
e 25 39 103
e 25 40 94
e 25 54 111
e 25 60 96
e 25 64 106
e 25 65 106
e 25 68 107
e 26 30 97
e 26 32 95
e 26 59 93
e 26 60 99
e 26 70 105
e 26 76 109
e 27 29 101
e 27 30 103
e 27 42 98
e 27 47 100
e 27 68 92
e 27 71 89
e 27 80 98
e 28 31 99
e 28 36 95
e 28 39 110
e 28 56 90
e 28 60 102
e 28 64 95
e 28 68 94
e 28 69 94
e 28 78 96
e 29 32 102
e 29 36 94
e 29 67 104
e 29 71 101
e 29 75 99
e 29 77 99
e 30 31 102
e 30 34 96
e 30 45 94
e 30 46 102
e 30 64 99
e 31 52 109
e 31 56 104
e 31 74 93
e 32 42 97
e 32 51 99
e 32 52 102
e 32 56 98
e 32 57 97
e 32 59 102
e 32 65 95
e 32 66 90
e 32 67 95
e 32 77 102
e 33 47 106
e 33 48 100
e 33 51 106
e 33 73 100
e 33 76 94
e 34 38 97
e 34 49 99
e 34 50 107
e 34 57 96
e 35 42 102
e 35 44 90
e 35 55 102
e 35 63 96
e 35 78 97
e 36 41 98
e 36 42 101
e 36 43 89
e 36 44 103
e 36 51 102
e 36 75 99
e 36 78 105
e 37 39 101
e 37 40 102
e 37 50 103
e 37 52 90
e 37 54 104
e 37 59 102
e 37 70 92
e 37 76 104
e 38 41 95
e 38 51 98
e 38 54 93
e 38 64 98
e 38 76 93
e 39 54 102
e 39 62 100
e 39 76 105
e 40 53 99
e 40 71 101
e 40 74 104
e 41 49 104
e 41 56 96
e 41 64 101
e 41 79 101
e 42 60 93
e 42 70 89
e 42 80 91
e 43 54 96
e 43 70 102
e 43 77 102
e 44 46 97
e 44 53 96
e 44 56 103
e 44 66 103
e 44 78 102
e 45 48 99
e 45 59 99
e 45 61 105
e 45 62 94
e 46 66 98
e 47 57 99
e 47 60 105
e 47 75 110
e 48 66 102
e 49 53 102
e 50 56 107
e 50 61 95
e 52 67 99
e 52 72 105
e 52 75 103
e 52 76 96
e 53 55 95
e 53 64 103
e 53 65 102
e 53 71 100
e 54 56 104
e 54 71 99
e 54 73 107
e 55 63 91
e 55 66 101
e 55 69 103
e 55 71 100
e 55 74 105
e 56 60 101
e 56 79 102
e 57 65 102
e 57 68 102
e 57 74 86
e 57 77 104
e 58 62 94
e 58 68 96
e 58 80 97
e 59 69 95
e 59 70 93
e 59 76 96
e 60 75 96
e 60 78 96
e 61 64 96
e 61 78 93
e 61 79 98
e 63 66 101
e 63 71 100
e 64 72 101
e 64 80 100
e 65 70 106
e 65 78 101
e 66 75 102
e 67 70 103
e 67 71 97
e 67 72 104
e 67 74 98
e 67 75 100
e 68 69 98
e 68 79 99
e 68 80 97
e 69 77 98
e 70 73 100
e 70 76 96
e 70 80 96
e 71 74 92
e 72 78 91
e 75 80 97
e 76 79 92
e 78 80 103