DIMACS2
34 1
 2
 3
 4
 5
 6
 7
 8
 9
 10
 11
 12
 13
 14
 15 16
 17
 18
 19
 20
 21
 22
 23
 24
 25
 26
 27
 28
 29
 30 31
 32
 33
 34

p edge 320 1845
e 1 19 300
e 1 38 202
e 1 48 205
e 1 50 212
e 1 63 198
e 1 64 193
e 1 82 190
e 1 119 191
e 1 156 203
e 1 167 192
e 1 202 200
e 1 215 199
e 1 236 198
e 1 271 199
e 1 283 195
e 1 293 210
e 1 308 200
e 2 23 299
e 2 67 202
e 2 71 204
e 2 95 197
e 2 99 203
e 2 126 194
e 2 142 196
e 2 183 210
e 2 185 202
e 2 250 203
e 2 264 198
e 2 280 204
e 2 297 204
e 2 301 195
e 2 305 199
e 3 56 198
e 3 70 193
e 3 173 192
e 3 210 210
e 3 258 196
e 3 304 196
e 3 312 192
e 4 17 290
e 4 20 305
e 4 23 305
e 4 69 204
e 4 76 195
e 4 80 197
e 4 85 197
e 4 87 199
e 4 108 194
e 4 178 212
e 4 296 201
e 4 300 199
e 4 306 203
e 5 11 293
e 5 15 294
e 5 16 301
e 5 54 207
e 5 102 206
e 5 107 200
e 5 127 196
e 5 164 206
e 5 235 205
e 5 317 198
e 6 13 294
e 6 54 190
e 6 74 191
e 6 94 199
e 6 97 197
e 6 178 200
e 6 180 206
e 6 186 199
e 6 216 205
e 6 222 205
e 6 225 194
e 6 288 205
e 6 310 197
e 7 25 304
e 7 76 206
e 7 82 207
e 7 98 203
e 7 132 201
e 7 143 203
e 7 185 205
e 7 196 195
e 7 208 196
e 7 213 207
e 7 227 199
e 7 280 209
e 7 296 199
e 7 313 204
e 8 37 199
e 8 59 196
e 8 98 205
e 8 101 193
e 8 136 192
e 8 143 198
e 8 154 209
e 8 165 192
e 8 169 197
e 8 183 202
e 8 231 202
e 8 290 193
e 8 296 202
e 8 301 197
e 9 32 305
e 9 43 206
e 9 51 205
e 9 120 196
e 9 174 201
e 9 187 204
e 9 269 195
e 9 303 199
e 9 310 201
e 9 314 201
e 10 23 301
e 10 38 201
e 10 46 198
e 10 58 197
e 10 121 196
e 10 150 209
e 10 186 192
e 10 191 200
e 10 194 194
e 10 216 189
e 10 233 202
e 10 240 202
e 10 280 204
e 10 291 202
e 10 317 193
e 11 44 199
e 11 47 197
e 11 82 202
e 11 164 197
e 11 169 198
e 11 180 196
e 11 190 204
e 11 201 203
e 11 248 194
e 11 252 203
e 11 277 192
e 11 298 195
e 11 302 196
e 12 15 297
e 12 19 296
e 12 44 207
e 12 75 207
e 12 120 199
e 12 122 207
e 12 152 204
e 12 153 203
e 12 173 197
e 12 254 206
e 12 271 197
e 12 273 190
e 12 292 194
e 12 302 197
e 13 42 208
e 13 71 201
e 13 93 209
e 13 114 197
e 13 233 198
e 13 244 213
e 13 250 205
e 13 281 190
e 14 21 301
e 14 49 195
e 14 78 196
e 14 93 194
e 14 106 199
e 14 129 203
e 14 162 193
e 14 171 199
e 14 225 206
e 14 232 195
e 14 256 189
e 14 259 198
e 14 264 198
e 14 276 193
e 14 283 206
e 14 309 200
e 15 55 207
e 15 58 201
e 15 81 211
e 15 107 192
e 15 214 205
e 15 274 202
e 15 275 194
e 15 307 206
e 15 311 203
e 16 52 198
e 16 69 195
e 16 196 198
e 16 203 200
e 16 218 200
e 16 249 207
e 16 289 202
e 16 295 197
e 16 320 199
e 17 37 203
e 17 76 202
e 17 107 195
e 17 133 202
e 17 304 204
e 18 35 198
e 18 42 200
e 18 99 196
e 18 154 192
e 18 165 195
e 18 282 198
e 19 28 297
e 19 88 193
e 19 115 195
e 19 118 195
e 19 168 195
e 19 204 195
e 19 275 210
e 19 305 204
e 19 306 200
e 19 315 201
e 20 50 201
e 20 76 194
e 20 122 199
e 20 138 203
e 20 147 205
e 20 173 200
e 20 190 197
e 21 22 298
e 21 27 305
e 21 28 305
e 21 184 203
e 21 230 193
e 21 280 196
e 21 292 200
e 21 294 197
e 21 305 212
e 22 112 208
e 22 166 194
e 22 172 198
e 22 175 200
e 22 259 194
e 23 39 203
e 23 245 204
e 23 280 202
e 23 292 206
e 23 293 191
e 24 45 194
e 24 75 198
e 24 78 203
e 24 118 199
e 24 125 195
e 24 157 201
e 24 169 194
e 24 176 198
e 24 179 191
e 24 189 199
e 24 226 193
e 24 247 199
e 24 269 201
e 24 314 192
e 25 94 199
e 25 119 194
e 25 121 200
e 25 126 205
e 25 127 198
e 25 150 201
e 25 155 197
e 25 165 193
e 25 211 196
e 25 313 203
e 26 48 195
e 26 84 196
e 26 87 200
e 26 137 195
e 26 152 207
e 26 185 198
e 26 217 197
e 26 270 201
e 26 292 201
e 26 297 191
e 26 301 194
e 27 81 194
e 27 101 202
e 27 103 200
e 27 156 192
e 27 163 201
e 27 170 193
e 27 195 203
e 28 50 208
e 28 58 194
e 28 99 198
e 28 118 200
e 28 120 199
e 28 141 198
e 28 165 189
e 28 225 202
e 28 233 197
e 28 270 202
e 28 284 197
e 28 288 204
e 29 91 192
e 29 116 203
e 29 160 194
e 29 166 198
e 29 198 194
e 29 211 194
e 29 232 199
e 29 254 201
e 29 283 202
e 29 287 204
e 29 295 200
e 30 34 295
e 30 35 205
e 30 69 194
e 30 74 202
e 30 77 209
e 30 97 200
e 30 118 211
e 30 129 193
e 30 151 204
e 30 177 191
e 30 198 195
e 30 210 204
e 30 236 197
e 30 249 201
e 30 260 192
e 30 278 207
e 30 280 202
e 30 303 202
e 31 49 196
e 31 169 198
e 31 174 188
e 31 211 204
e 31 317 203
e 32 33 310
e 32 91 191
e 32 95 204
e 32 96 207
e 32 107 202
e 32 144 200
e 32 161 185
e 32 194 204
e 32 196 197
e 32 245 208
e 32 266 203
e 32 295 200
e 32 314 195
e 33 52 195
e 33 56 201
e 33 65 197
e 33 71 206
e 33 104 192
e 33 127 202
e 33 180 202
e 33 198 198
e 33 216 200
e 33 226 196
e 33 244 200
e 33 292 192
e 33 302 200
e 33 318 190
e 34 35 199
e 34 56 206
e 34 77 198
e 34 85 198
e 34 89 202
e 34 106 196
e 34 107 198
e 34 129 196
e 34 141 202
e 34 160 198
e 34 166 202
e 34 291 206
e 34 298 208
e 34 309 207
e 35 41 101
e 35 125 101
e 35 148 98
e 35 191 101
e 35 236 98
e 35 286 95
e 36 58 93
e 36 84 102
e 36 108 108
e 36 140 90
e 36 190 101
e 36 198 98
e 36 199 104
e 36 231 93
e 36 262 98
e 36 276 97
e 37 59 100
e 37 80 96
e 37 84 98
e 37 102 100
e 37 108 100
e 37 113 101
e 37 169 105
e 37 218 96
e 37 266 95
e 37 309 100
e 38 57 100
e 38 58 93
e 38 71 104
e 38 100 106
e 38 210 94
e 38 229 94
e 38 233 100
e 38 269 106
e 38 272 100
e 39 52 100
e 39 96 99
e 39 159 98
e 39 163 99
e 39 228 91
e 39 295 101
e 40 141 104
e 40 148 99
e 40 191 103
e 40 209 99
e 40 257 103
e 40 277 97
e 40 297 89
e 40 300 94
e 40 313 103
e 41 52 99
e 41 70 105
e 41 140 108
e 41 144 99
e 41 153 101
e 41 161 105
e 41 203 90
e 41 211 100
e 41 213 94
e 41 271 110
e 42 53 104
e 42 58 94
e 42 78 97
e 42 136 92
e 42 198 110
e 42 209 95
e 42 240 101
e 42 267 95
e 42 284 90
e 43 68 94
e 43 134 101
e 43 142 101
e 43 149 103
e 43 162 98
e 43 175 96
e 43 194 102
e 43 245 101
e 43 251 96
e 43 252 104
e 43 257 98
e 43 297 99
e 44 46 102
e 44 85 104
e 44 86 106
e 44 121 102
e 44 130 98
e 44 175 102
e 44 183 93
e 44 195 100
e 44 253 108
e 44 270 96
e 44 278 96
e 45 50 96
e 45 65 111
e 45 78 105
e 45 100 101
e 45 110 100
e 45 121 98
e 45 196 105
e 45 226 101
e 45 230 94
e 45 233 100
e 45 257 107
e 45 281 91
e 45 309 90
e 46 63 98
e 46 142 98
e 46 183 97
e 46 192 104
e 46 235 99
e 46 250 101
e 46 297 101
e 46 300 98
e 46 310 95
e 47 57 97
e 47 77 101
e 47 88 110
e 47 148 100
e 47 163 104
e 47 194 108
e 47 207 104
e 47 238 104
e 47 247 101
e 47 259 101
e 47 265 102
e 47 301 101
e 47 303 106
e 48 80 103
e 48 155 101
e 48 215 97
e 48 227 92
e 48 229 107
e 48 262 100
e 48 293 98
e 49 57 103
e 49 81 99
e 49 82 104
e 49 113 93
e 49 122 102
e 49 123 93
e 49 261 104
e 49 295 95
e 50 87 103
e 50 91 98
e 50 107 97
e 50 184 96
e 50 189 100
e 50 196 99
e 50 221 103
e 50 252 100
e 50 253 99
e 50 263 94
e 50 279 98
e 51 156 99
e 51 161 104
e 51 295 108
e 51 303 106
e 51 320 98
e 52 84 100
e 52 117 101
e 52 130 100
e 52 136 100
e 52 240 98
e 52 250 95
e 52 286 101
e 52 301 105
e 53 73 104
e 53 76 109
e 53 91 108
e 53 100 105
e 53 102 96
e 53 119 105
e 53 144 104
e 53 158 100
e 53 161 97
e 53 164 104
e 53 256 96
e 54 67 101
e 54 100 97
e 54 106 104
e 54 214 100
e 54 236 94
e 54 289 102
e 54 302 89
e 54 306 99
e 54 313 105
e 54 315 91
e 55 56 103
e 55 140 103
e 55 168 101
e 55 184 100
e 55 205 104
e 55 214 101
e 55 260 106
e 55 297 103
e 55 320 96
e 56 96 105
e 56 114 93
e 56 130 99
e 56 201 97
e 56 229 99
e 56 280 110
e 57 109 93
e 57 146 101
e 57 215 100
e 57 216 100
e 58 104 95
e 58 127 105
e 58 150 110
e 58 156 99
e 58 163 97
e 58 199 103
e 58 203 99
e 58 224 98
e 58 231 99
e 58 265 105
e 58 274 98
e 59 70 103
e 59 82 96
e 59 151 96
e 59 164 92
e 59 250 101
e 59 312 96
e 60 144 100
e 60 213 103
e 60 214 112
e 60 226 103
e 60 240 109
e 60 275 99
e 60 302 95
e 61 102 109
e 61 166 109
e 61 198 97
e 61 208 88
e 61 241 108
e 61 245 99
e 61 259 92
e 61 273 101
e 61 279 111
e 62 127 94
e 62 132 106
e 62 160 106
e 62 175 96
e 62 239 105
e 62 240 106
e 62 253 94
e 62 306 94
e 62 307 108
e 63 117 95
e 63 130 97
e 63 138 100
e 63 178 100
e 63 215 106
e 63 232 99
e 63 273 108
e 63 283 100
e 63 289 104
e 64 109 102
e 64 116 93
e 64 130 100
e 64 141 96
e 64 142 99
e 64 183 105
e 64 216 105
e 64 217 90
e 64 233 97
e 64 237 99
e 64 289 109
e 65 84 100
e 65 110 96
e 65 141 109
e 65 170 94
e 65 221 99
e 65 229 99
e 65 278 98
e 65 300 102
e 65 312 102
e 66 101 108
e 66 118 102
e 66 138 86
e 66 201 101
e 66 208 97
e 66 255 110
e 66 268 91
e 66 284 109
e 66 290 96
e 67 79 100
e 67 158 107
e 67 162 103
e 67 166 98
e 67 197 98
e 67 228 106
e 68 142 109
e 68 163 96
e 68 169 102
e 68 175 104
e 68 187 103
e 68 230 94
e 68 236 100
e 68 269 96
e 68 289 97
e 69 90 98
e 69 121 96
e 69 161 98
e 69 163 97
e 69 247 90
e 69 249 100
e 69 256 104
e 69 275 107
e 69 282 98
e 69 294 95
e 69 313 102
e 70 82 95
e 70 132 94
e 70 155 103
e 70 190 104
e 70 195 100
e 70 231 105
e 70 306 102
e 71 110 99
e 71 152 102
e 71 234 99
e 71 236 103
e 72 79 104
e 72 101 95
e 72 109 94
e 72 135 93
e 72 146 93
e 72 148 104
e 72 166 102
e 72 173 87
e 72 195 101
e 72 203 98
e 72 207 94
e 72 297 101
e 73 80 100
e 73 129 94
e 74 99 106
e 74 104 101
e 74 126 104
e 74 141 101
e 74 150 97
e 74 203 94
e 74 217 103
e 74 219 104
e 74 236 106
e 75 92 100
e 75 190 98
e 75 213 104
e 75 216 106
e 75 221 101
e 75 223 93
e 76 85 103
e 76 109 102
e 76 160 92
e 76 219 106
e 76 254 105
e 76 256 105
e 76 312 94
e 77 92 88
e 77 136 94
e 77 188 98
e 77 194 96
e 77 223 99
e 77 236 98
e 78 125 99
e 78 158 99
e 78 173 96
e 78 182 98
e 78 187 97
e 78 201 98
e 78 203 102
e 78 210 99
e 78 243 94
e 78 289 101
e 78 294 99
e 79 152 102
e 79 155 94
e 79 177 99
e 79 179 111
e 79 186 100
e 79 194 104
e 79 200 103
e 79 218 108
e 79 228 98
e 79 301 104
e 80 122 104
e 80 153 98
e 80 163 98
e 80 170 96
e 80 204 97
e 80 219 92
e 80 235 106
e 80 273 96
e 80 274 95
e 80 283 99
e 80 303 102
e 81 143 104
e 81 162 102
e 81 217 106
e 81 228 109
e 81 248 101
e 81 278 95
e 81 281 104
e 81 315 95
e 82 84 93
e 82 132 106
e 82 147 94
e 82 177 100
e 82 241 94
e 83 86 102
e 83 118 97
e 83 136 96
e 83 139 94
e 83 167 103
e 83 179 103
e 83 197 101
e 83 213 104
e 83 227 101
e 83 246 98
e 83 258 95
e 83 277 97
e 84 135 107
e 84 148 101
e 84 152 92
e 84 227 103
e 84 266 92
e 84 281 107
e 85 115 105
e 85 133 110
e 85 144 95
e 85 146 99
e 85 175 99
e 85 213 96
e 85 236 99
e 85 247 100
e 85 250 99
e 85 291 101
e 85 296 99
e 85 309 97
e 85 318 99
e 86 93 87
e 86 105 109
e 86 195 104
e 86 200 96
e 86 218 90
e 86 288 93
e 86 318 100
e 87 157 102
e 87 164 96
e 87 232 97
e 87 237 99
e 87 259 104
e 87 276 102
e 87 285 95
e 87 308 103
e 87 320 97
e 88 94 100
e 88 191 97
e 88 205 99
e 88 213 96
e 88 230 95
e 88 254 103
e 88 258 100
e 88 278 100
e 88 315 93
e 88 320 98
e 89 106 93
e 89 113 113
e 89 123 96
e 89 128 101
e 89 199 100
e 89 228 94
e 89 248 93
e 89 263 99
e 90 225 98
e 90 251 105
e 90 258 91
e 90 290 100
e 90 300 99
e 91 153 105
e 91 166 106
e 91 189 105
e 91 215 91
e 91 224 101
e 91 229 94
e 91 306 99
e 92 123 109
e 92 165 91
e 92 166 104
e 92 176 97
e 92 189 96
e 92 194 102
e 92 205 99
e 93 155 98
e 93 169 94
e 93 182 105
e 93 236 105
e 93 238 97
e 93 291 107
e 94 103 97
e 94 138 99
e 94 176 105
e 94 199 99
e 94 205 96
e 94 235 93
e 94 279 91
e 95 111 91
e 95 130 95
e 95 212 101
e 95 263 92
e 95 278 102
e 95 285 99
e 95 298 95
e 95 303 99
e 95 309 93
e 96 122 101
e 96 129 97
e 96 171 101
e 96 180 105
e 96 203 108
e 96 272 97
e 96 307 102
e 97 162 97
e 97 175 109
e 97 197 101
e 97 238 98
e 97 256 99
e 97 311 90
e 97 313 91
e 98 129 95
e 98 152 101
e 98 182 92
e 98 240 103
e 98 277 101
e 98 283 102
e 99 113 100
e 99 115 99
e 99 158 90
e 99 218 92
e 100 124 106
e 100 136 100
e 100 145 99
e 100 212 92
e 100 214 103
e 100 242 93
e 100 248 98
e 100 273 100
e 100 281 103
e 100 297 110
e 101 119 92
e 101 138 104
e 101 197 100
e 101 204 100
e 101 207 96
e 101 210 99
e 101 213 97
e 101 227 92
e 101 228 97
e 101 290 103
e 101 307 97
e 101 313 101
e 102 116 107
e 102 141 101
e 102 200 106
e 102 202 97
e 102 255 96
e 102 306 103
e 103 137 97
e 103 161 100
e 103 176 99
e 103 191 92
e 103 228 104
e 103 246 96
e 103 261 104
e 103 264 97
e 103 268 104
e 104 120 114
e 104 129 95
e 104 145 103
e 104 235 100
e 104 239 94
e 104 284 94
e 105 134 101
e 105 161 111
e 105 207 95
e 105 208 101
e 105 219 92
e 105 235 103
e 105 271 95
e 105 290 114
e 106 183 98
e 106 199 99
e 106 229 99
e 106 245 102
e 106 296 96
e 107 113 89
e 107 131 92
e 107 208 106
e 107 224 98
e 107 270 102
e 107 286 110
e 107 289 88
e 107 292 104
e 107 304 98
e 107 315 98
e 107 318 103
e 108 120 97
e 108 133 94
e 108 145 98
e 108 169 105
e 108 173 93
e 108 180 93
e 108 222 90
e 109 127 86
e 109 149 102
e 109 232 97
e 109 246 97
e 109 263 100
e 109 265 102
e 110 111 94
e 110 123 99
e 110 126 103
e 110 143 99
e 110 186 104
e 110 202 91
e 110 260 104
e 110 272 104
e 110 286 100
e 110 295 98
e 110 306 93
e 111 117 93
e 111 119 98
e 111 162 101
e 111 245 97
e 111 248 99
e 111 267 104
e 112 114 99
e 112 118 107
e 112 139 97
e 112 157 101
e 112 182 100
e 112 267 99
e 112 284 92
e 112 287 96
e 113 115 101
e 113 146 113
e 113 152 97
e 113 162 95
e 113 167 99
e 113 172 92
e 113 192 96
e 113 209 102
e 113 215 98
e 113 249 98
e 113 267 103
e 113 277 104
e 113 291 100
e 114 140 113
e 114 146 86
e 114 172 103
e 114 201 96
e 114 293 97
e 114 310 97
e 115 121 107
e 115 124 95
e 115 132 101
e 115 196 101
e 115 303 92
e 115 312 100
e 116 125 104
e 116 140 99
e 116 158 105
e 116 164 99
e 116 175 114
e 116 189 91
e 116 234 94
e 117 135 92
e 117 240 92
e 117 245 106
e 117 293 92
e 118 127 98
e 118 184 110
e 118 187 106
e 118 217 100
e 118 256 93
e 118 273 92
e 118 314 102
e 119 144 98
e 119 174 97
e 119 176 101
e 119 191 105
e 119 192 102
e 119 194 100
e 119 206 103
e 119 219 94
e 119 221 100
e 119 226 100
e 119 258 104
e 119 264 101
e 119 290 107
e 120 128 101
e 120 223 98
e 120 260 98
e 120 274 102
e 120 304 101
e 121 203 94
e 121 255 97
e 121 256 100
e 121 318 92
e 122 132 97
e 122 227 101
e 122 238 94
e 122 249 101
e 122 265 100
e 122 285 101
e 123 124 100
e 123 172 110
e 123 267 96
e 123 277 100
e 123 284 115
e 123 317 99
e 124 125 96
e 124 128 100
e 124 132 97
e 124 157 100
e 124 159 101
e 124 163 95
e 124 168 106
e 124 182 100
e 124 220 105
e 124 236 99
e 124 271 104
e 124 282 109
e 124 309 101
e 124 319 98
e 125 132 96
e 125 180 109
e 125 218 99
e 125 262 96
e 125 275 99
e 125 296 92
e 125 304 101
e 126 147 106
e 126 164 91
e 126 172 95
e 126 202 102
e 126 221 105
e 126 224 91
e 126 268 99
e 126 279 99
e 126 285 100
e 126 286 107
e 126 292 102
e 127 145 94
e 127 190 100
e 127 194 100
e 127 267 106
e 128 134 102
e 128 168 95
e 128 270 100
e 128 305 105
e 129 132 102
e 129 135 102
e 129 152 100
e 129 165 98
e 129 195 103
e 129 201 89
e 129 207 107
e 129 215 97
e 129 238 98
e 129 249 99
e 129 271 96
e 129 284 102
e 129 293 103
e 129 297 99
e 129 301 90
e 130 131 95
e 130 148 102
e 130 170 101
e 130 191 93
e 130 200 103
e 130 203 102
e 130 258 89
e 130 268 94
e 130 284 96
e 130 292 97
e 130 300 97
e 130 303 102
e 130 320 104
e 131 134 105
e 131 164 101
e 131 196 99
e 131 227 102
e 131 269 98
e 131 270 107
e 132 136 100
e 132 139 94
e 132 140 103
e 132 150 89
e 132 279 102
e 133 151 106
e 133 168 103
e 133 224 103
e 133 253 108
e 133 271 88
e 133 291 94
e 133 305 97
e 134 140 99
e 134 167 102
e 134 200 102
e 134 217 111
e 134 222 101
e 134 268 99
e 134 281 99
e 134 306 101
e 134 314 97
e 135 155 108
e 135 158 104
e 135 165 99
e 135 179 93
e 135 198 95
e 135 213 106
e 135 233 103
e 135 240 95
e 135 241 94
e 135 257 106
e 135 264 102
e 135 281 101
e 135 294 98
e 135 305 105
e 135 311 100
e 135 313 87
e 136 137 102
e 136 151 101
e 136 156 107
e 136 171 105
e 136 180 102
e 136 216 100
e 136 225 106
e 136 253 97
e 136 263 105
e 136 278 102
e 136 314 108
e 136 315 97
e 137 159 95
e 137 201 111
e 137 234 101
e 137 315 91
e 138 143 101
e 138 167 101
e 138 190 90
e 138 294 101
e 138 295 95
e 138 309 100
e 139 155 108
e 139 174 101
e 139 258 96
e 139 261 101
e 139 265 103
e 139 275 103
e 139 302 98
e 139 307 111
e 140 162 95
e 140 175 105
e 140 226 103
e 140 232 107
e 140 263 94
e 140 270 105
e 140 288 101
e 140 308 102
e 141 162 107
e 141 195 95
e 141 230 99
e 141 256 99
e 141 261 99
e 141 287 101
e 142 168 105
e 142 179 103
e 142 196 92
e 142 217 98
e 142 307 103
e 142 314 97
e 143 178 94
e 143 202 97
e 143 211 95
e 143 248 98
e 143 259 110
e 143 263 98
e 143 267 99
e 143 270 99
e 143 280 101
e 143 315 105
e 143 320 100
e 144 154 99
e 144 226 104
e 144 281 102
e 144 299 106
e 145 146 105
e 145 152 94
e 145 158 102
e 145 172 96
e 145 179 100
e 145 196 102
e 145 201 106
e 145 203 104
e 145 209 103
e 145 210 102
e 145 249 98
e 145 294 107
e 145 299 95
e 145 312 104
e 146 203 100
e 146 223 101
e 146 232 100
e 146 261 94
e 146 275 97
e 147 155 103
e 147 167 100
e 147 201 102
e 147 205 99
e 147 210 107
e 147 246 92
e 147 289 102
e 148 175 103
e 148 176 94
e 148 185 105
e 148 212 110
e 148 223 97
e 148 262 99
e 149 155 100
e 149 220 101
e 149 263 103
e 149 271 103
e 149 309 94
e 149 313 102
e 150 188 104
e 150 200 94
e 150 204 97
e 150 210 100
e 150 232 97
e 150 278 94
e 151 154 96
e 151 157 99
e 151 160 104
e 151 276 94
e 151 279 102
e 152 249 105
e 152 251 98
e 152 265 97
e 153 162 100
e 153 219 98
e 153 226 101
e 153 238 91
e 153 251 97
e 153 270 93
e 153 275 109
e 153 303 97
e 154 181 101
e 154 267 108
e 154 272 97
e 154 281 102
e 154 292 100
e 155 170 97
e 155 173 114
e 155 181 98
e 155 185 92
e 155 230 97
e 155 239 90
e 155 244 96
e 155 309 101
e 156 163 99
e 156 198 90
e 156 208 101
e 156 215 97
e 156 224 94
e 156 230 99
e 156 236 94
e 156 238 101
e 156 277 105
e 156 295 109
e 156 305 96
e 156 317 94
e 157 214 104
e 157 225 103
e 157 239 89
e 157 242 102
e 157 254 99
e 157 297 103
e 157 300 109
e 158 183 101
e 158 199 98
e 158 261 100
e 158 278 95
e 159 196 105
e 159 220 105
e 159 224 100
e 159 229 96
e 159 234 98
e 159 237 107
e 159 239 93
e 159 275 98
e 159 279 94
e 159 280 93
e 159 309 101
e 159 315 100
e 160 194 97
e 160 208 93
e 160 312 97
e 161 219 101
e 161 221 98
e 161 289 96
e 161 303 94
e 162 165 103
e 162 228 97
e 163 164 97
e 163 183 94
e 163 220 104
e 163 256 97
e 163 303 104
e 164 212 100
e 164 224 100
e 164 317 102
e 165 182 110
e 165 256 94
e 165 286 104
e 165 311 96
e 165 317 92
e 166 176 107
e 166 183 108
e 166 187 95
e 166 202 89
e 166 219 104
e 166 238 105
e 166 274 98
e 166 276 99
e 166 278 110
e 166 284 99
e 167 173 88
e 167 190 99
e 167 237 102
e 167 257 106
e 167 276 95
e 167 307 107
e 167 309 99
e 167 314 94
e 168 184 99
e 168 209 103
e 168 210 96
e 168 267 105
e 168 284 104
e 168 314 105
e 169 220 96
e 169 249 94
e 169 254 96
e 169 278 102
e 170 180 96
e 170 198 101
e 170 277 100
e 170 311 98
e 170 316 96
e 170 317 99
e 171 260 107
e 171 296 106
e 172 198 104
e 172 242 103
e 172 316 102
e 173 175 109
e 173 238 93
e 173 286 102
e 173 290 96
e 174 201 95
e 174 219 91
e 174 262 104
e 174 294 101
e 175 205 112
e 175 248 96
e 175 259 99
e 175 302 104
e 176 219 99
e 176 234 93
e 176 270 97
e 177 214 99
e 177 222 101
e 177 226 100
e 177 251 101
e 177 282 93
e 178 223 102
e 178 280 101
e 178 283 109
e 178 286 97
e 178 296 112
e 178 310 98
e 179 210 93
e 179 227 104
e 179 243 97
e 179 263 106
e 179 270 104
e 180 264 100
e 180 309 102
e 181 235 103
e 181 270 93
e 182 228 102
e 182 249 111
e 182 313 101
e 183 250 104
e 183 314 106
e 184 203 104
e 184 209 92
e 184 265 99
e 184 269 107
e 184 309 92
e 185 225 100
e 185 231 94
e 186 206 99
e 186 231 94
e 186 235 92
e 186 236 103
e 186 269 103
e 186 277 108
e 186 285 100
e 186 286 109
e 186 307 98
e 187 193 106
e 187 266 100
e 187 283 101
e 187 284 108
e 187 295 97
e 187 304 98
e 188 201 100
e 188 202 98
e 188 319 97
e 189 192 102
e 189 210 113
e 189 230 94
e 189 272 100
e 189 296 94
e 190 223 101
e 190 243 105
e 190 312 98
e 191 218 98
e 191 223 95
e 191 314 98
e 192 217 99
e 192 221 102
e 192 232 98
e 192 265 94
e 192 287 103
e 192 307 100
e 193 255 94
e 194 205 94
e 194 211 100
e 194 213 95
e 194 219 101
e 194 260 105
e 194 266 97
e 194 272 95
e 194 291 99
e 194 308 106
e 194 314 103
e 194 320 97
e 195 274 107
e 196 200 100
e 196 224 99
e 196 285 105
e 196 287 94
e 196 314 98
e 197 236 96
e 197 277 101
e 197 285 101
e 197 306 102
e 198 254 99
e 198 259 94
e 198 270 100
e 198 271 101
e 198 291 97
e 198 298 103
e 199 222 99
e 199 226 99
e 199 248 92
e 199 249 100
e 199 253 100
e 199 299 100
e 199 310 104
e 199 316 96
e 200 228 93
e 200 247 97
e 200 254 106
e 200 299 103
e 201 227 97
e 202 260 105
e 202 269 106
e 202 292 92
e 202 317 104
e 203 236 98
e 203 278 94
e 203 281 94
e 203 288 102
e 203 294 97
e 203 295 108
e 203 296 94
e 203 310 98
e 204 254 95
e 204 262 109
e 204 289 102
e 204 316 100
e 204 320 104
e 205 214 99
e 205 300 102
e 205 305 94
e 205 310 100
e 205 313 103
e 206 277 98
e 206 297 101
e 207 208 102
e 207 253 103
e 207 268 106
e 207 275 94
e 207 293 109
e 208 252 100
e 208 291 97
e 208 309 97
e 209 221 100
e 209 257 97
e 209 258 103
e 209 283 102
e 209 306 102
e 210 217 98
e 210 265 106
e 210 295 104
e 210 311 101
e 210 316 85
e 211 214 108
e 211 230 107
e 211 242 86
e 211 246 92
e 211 251 97
e 211 299 102
e 211 312 101
e 211 318 96
e 212 214 94
e 212 240 94
e 212 252 98
e 212 311 93
e 212 314 102
e 213 216 103
e 213 259 96
e 213 280 98
e 214 219 93
e 214 239 98
e 214 291 100
e 214 316 103
e 215 218 102
e 217 266 89
e 217 277 98
e 217 298 94
e 217 300 103
e 218 223 96
e 218 225 100
e 219 223 94
e 219 224 103
e 219 253 101
e 219 269 99
e 219 270 99
e 219 294 102
e 219 312 102
e 220 248 95
e 220 264 109
e 221 226 104
e 221 228 114
e 221 241 103
e 221 269 99
e 221 273 108
e 221 307 101
e 221 314 96
e 222 273 103
e 222 278 96
e 222 290 96
e 222 292 106
e 222 300 96
e 223 226 96
e 223 232 110
e 223 234 97
e 223 265 104
e 223 277 94
e 224 244 93
e 224 270 100
e 224 288 110
e 224 293 100
e 225 247 99
e 225 253 98
e 225 260 100
e 225 277 98
e 225 292 99
e 225 294 104
e 226 258 93
e 226 266 102
e 226 295 94
e 227 233 96
e 227 245 107
e 227 261 97
e 227 268 98
e 227 275 100
e 227 291 91
e 227 301 94
e 227 316 102
e 228 229 101
e 228 239 99
e 228 265 103
e 228 271 103
e 228 279 94
e 229 302 101
e 230 241 95
e 230 267 101
e 230 274 94
e 230 306 101
e 230 318 95
e 231 260 101
e 231 290 101
e 231 317 98
e 232 257 95
e 232 280 98
e 232 281 109
e 233 282 98
e 233 284 99
e 233 292 101
e 233 314 106
e 233 318 100
e 234 243 108
e 234 250 103
e 234 260 107
e 235 241 101
e 235 278 101
e 235 287 93
e 235 295 97
e 236 244 95
e 236 253 98
e 236 295 95
e 236 306 92
e 237 256 105
e 237 257 96
e 237 258 98
e 237 295 96
e 238 283 95
e 239 266 96
e 239 281 96
e 239 289 98
e 239 303 94
e 239 307 90
e 240 247 104
e 240 252 97
e 240 277 97
e 240 278 105
e 240 295 95
e 242 256 92
e 242 266 104
e 242 277 98
e 242 287 105
e 242 294 99
e 242 313 100
e 242 315 102
e 243 251 101
e 243 305 97
e 243 309 100
e 244 274 102
e 245 267 108
e 245 271 100
e 245 290 104
e 245 294 103
e 245 302 101
e 246 252 99
e 246 270 99
e 247 284 105
e 247 300 104
e 248 319 101
e 249 308 95
e 249 317 92
e 250 263 98
e 251 277 99
e 251 314 100
e 252 267 98
e 252 285 102
e 252 310 103
e 253 255 102
e 253 284 99
e 253 288 91
e 253 296 101
e 253 302 91
e 253 316 96
e 254 267 103
e 254 282 103
e 255 261 104
e 255 263 94
e 255 273 100
e 255 298 107
e 256 311 99
e 257 310 97
e 258 299 92
e 258 307 93
e 259 280 95
e 259 309 97
e 260 279 93
e 260 288 109
e 260 298 106
e 261 267 93
e 261 282 99
e 261 309 96
e 262 286 106
e 262 298 102
e 262 303 106
e 262 317 90
e 263 292 98
e 263 297 100
e 263 308 96
e 263 320 106
e 264 267 92
e 264 271 98
e 264 314 93
e 265 307 106
e 265 314 99
e 266 319 95
e 267 315 99
e 268 318 93
e 269 286 117
e 269 288 111
e 269 293 101
e 270 310 99
e 271 279 106
e 271 308 94
e 271 319 101
e 272 278 105
e 272 313 107
e 273 284 103
e 273 291 101
e 273 313 99
e 274 278 103
e 274 294 102
e 274 310 99
e 275 294 105
e 276 305 95
e 277 278 105
e 278 288 103
e 279 308 103
e 281 282 91
e 281 295 93
e 282 289 91
e 282 311 98
e 282 315 106
e 283 294 95
e 283 296 91
e 284 307 91
e 285 298 107
e 285 306 91
e 286 294 103
e 288 297 94
e 289 303 93
e 289 304 96
e 290 308 91
e 291 313 97
e 292 309 105
e 293 306 111
e 294 302 99
e 296 298 90
e 296 314 96
e 296 318 103
e 298 305 100
e 301 313 96
e 302 316 102
e 303 308 100
e 309 311 106
e 312 313 96
e 314 316 106