DIMACS2
80 1
 2
 3
 4
 5
 6
 7
 8
 9
 10
 11
 12
 13
 14
 15 16
 17
 18
 19
 20
 21
 22
 23
 24
 25
 26
 27
 28
 29
 30 31
 32
 33
 34
 35
 36
 37
 38
 39
 40
 41
 42
 43
 44
 45 46
 47
 48
 49
 50
 51
 52
 53
 54
 55
 56
 57
 58
 59
 60 61
 62
 63
 64
 65
 66
 67
 68
 69
 70
 71
 72
 73
 74
 75 76
 77
 78
 79
 80

p edge 320 1845
e 1 10 301
e 1 14 294
e 1 38 294
e 1 69 290
e 1 87 198
e 1 124 202
e 1 133 194
e 1 136 206
e 1 139 198
e 1 185 199
e 1 189 204
e 1 193 189
e 1 221 202
e 1 240 209
e 1 270 193
e 1 280 204
e 1 285 203
e 1 295 195
e 1 308 197
e 2 42 295
e 2 133 204
e 2 147 197
e 2 148 197
e 2 161 203
e 2 169 195
e 2 197 199
e 2 217 203
e 2 259 201
e 2 263 194
e 2 293 205
e 2 312 201
e 3 49 301
e 3 101 206
e 3 168 199
e 3 198 202
e 3 257 207
e 3 265 201
e 4 14 299
e 4 30 312
e 4 36 306
e 4 67 298
e 4 89 198
e 4 99 218
e 4 136 192
e 4 143 194
e 4 165 197
e 4 181 196
e 4 239 196
e 4 253 203
e 4 268 209
e 4 280 204
e 4 301 196
e 5 14 295
e 5 25 293
e 5 28 296
e 5 32 309
e 5 35 291
e 5 38 297
e 5 42 302
e 5 60 300
e 5 63 298
e 5 104 202
e 5 130 206
e 5 135 204
e 5 147 203
e 5 148 198
e 5 191 204
e 5 299 193
e 5 316 199
e 5 317 199
e 6 7 307
e 6 29 298
e 6 58 297
e 6 75 296
e 6 125 201
e 6 158 192
e 6 165 189
e 6 166 205
e 6 169 201
e 6 188 203
e 6 200 200
e 6 228 203
e 6 245 204
e 6 247 197
e 6 251 200
e 6 254 202
e 7 10 299
e 7 98 200
e 7 107 208
e 7 212 201
e 7 227 189
e 7 233 200
e 7 235 197
e 7 240 195
e 7 261 195
e 7 275 199
e 7 277 205
e 8 54 298
e 8 73 289
e 8 91 196
e 8 154 202
e 8 201 201
e 8 221 197
e 8 255 196
e 8 283 201
e 8 299 199
e 8 304 209
e 9 34 299
e 9 45 300
e 9 109 191
e 9 137 191
e 9 139 204
e 9 207 212
e 9 225 201
e 9 235 200
e 9 288 206
e 9 297 203
e 10 15 292
e 10 81 204
e 10 94 202
e 10 115 198
e 10 147 194
e 10 167 200
e 10 180 197
e 10 197 195
e 10 202 202
e 10 207 196
e 10 223 198
e 10 251 203
e 10 262 195
e 10 303 202
e 11 61 302
e 11 78 299
e 11 144 204
e 11 152 196
e 11 170 195
e 11 213 196
e 11 287 201
e 11 320 198
e 12 17 299
e 12 30 294
e 12 63 310
e 12 77 301
e 12 103 189
e 12 133 206
e 12 146 200
e 12 153 195
e 12 190 193
e 12 226 194
e 12 254 197
e 12 278 201
e 12 310 205
e 13 21 294
e 13 102 204
e 13 127 200
e 13 134 196
e 13 154 195
e 13 185 205
e 13 201 200
e 13 270 204
e 13 301 200
e 14 15 294
e 14 47 292
e 14 152 203
e 14 247 203
e 14 271 196
e 14 288 195
e 14 295 195
e 15 18 291
e 15 53 301
e 15 64 311
e 15 72 295
e 15 89 200
e 15 95 198
e 15 113 199
e 15 118 199
e 15 126 191
e 15 143 190
e 15 165 199
e 15 176 195
e 15 189 196
e 15 205 195
e 15 231 197
e 15 242 201
e 15 257 193
e 15 261 206
e 15 264 194
e 15 271 199
e 15 278 206
e 15 295 201
e 15 308 191
e 15 316 204
e 16 68 301
e 16 119 196
e 16 123 201
e 16 134 198
e 16 148 195
e 16 175 193
e 16 198 196
e 16 229 201
e 16 243 194
e 16 280 190
e 16 283 191
e 16 286 202
e 16 291 195
e 16 315 195
e 17 29 301
e 17 68 296
e 17 79 309
e 17 107 192
e 17 139 198
e 17 157 200
e 17 219 199
e 17 221 208
e 17 277 201
e 17 299 211
e 18 24 296
e 18 25 298
e 18 30 293
e 18 76 298
e 18 84 195
e 18 94 202
e 18 125 195
e 18 133 201
e 18 200 197
e 18 230 203
e 18 288 202
e 18 298 202
e 19 50 298
e 19 76 296
e 19 79 294
e 19 95 208
e 19 99 202
e 19 144 191
e 19 163 198
e 19 198 201
e 19 263 195
e 20 58 298
e 20 105 191
e 20 136 198
e 20 196 193
e 20 215 205
e 20 246 195
e 20 281 190
e 20 293 201
e 21 31 303
e 21 38 303
e 21 40 299
e 21 42 301
e 21 53 307
e 21 81 197
e 21 100 193
e 21 107 202
e 21 159 197
e 21 208 193
e 21 209 199
e 21 237 201
e 21 251 204
e 21 299 207
e 21 302 199
e 22 215 206
e 22 228 198
e 22 253 205
e 22 288 204
e 22 302 198
e 23 35 300
e 23 38 297
e 23 131 195
e 23 137 194
e 23 272 205
e 23 276 208
e 23 303 200
e 24 25 299
e 24 34 291
e 24 140 200
e 24 164 197
e 24 192 201
e 24 197 201
e 24 212 206
e 24 217 202
e 24 220 195
e 24 277 205
e 24 285 199
e 25 49 303
e 25 88 189
e 25 100 201
e 25 169 197
e 25 196 200
e 25 261 202
e 25 306 194
e 25 316 201
e 26 31 301
e 26 44 294
e 26 80 305
e 26 89 201
e 26 115 192
e 26 127 201
e 26 131 205
e 26 190 201
e 26 206 205
e 26 255 194
e 26 287 197
e 27 39 299
e 27 43 301
e 27 46 296
e 27 95 190
e 27 115 210
e 27 159 194
e 27 162 204
e 27 176 193
e 27 213 212
e 27 225 203
e 27 231 211
e 27 238 197
e 27 275 201
e 27 292 198
e 27 293 203
e 28 36 305
e 28 37 284
e 28 50 281
e 28 64 299
e 28 95 199
e 28 125 197
e 28 160 201
e 28 201 206
e 28 224 195
e 28 254 205
e 28 263 202
e 28 282 199
e 28 303 203
e 28 317 207
e 29 55 302
e 29 91 194
e 29 145 194
e 29 174 205
e 29 184 203
e 29 206 205
e 29 213 190
e 29 232 206
e 29 299 196
e 30 31 304
e 30 45 295
e 30 74 304
e 30 88 206
e 30 170 199
e 30 218 206
e 30 254 198
e 30 257 192
e 30 298 197
e 30 314 192
e 31 61 306
e 31 66 311
e 31 68 309
e 31 146 195
e 31 229 205
e 31 254 202
e 31 279 196
e 31 314 204
e 32 56 300
e 32 80 301
e 32 89 205
e 32 94 192
e 32 119 194
e 32 144 207
e 32 148 195
e 32 154 198
e 32 192 180
e 32 251 193
e 32 320 202
e 33 35 294
e 33 36 302
e 33 48 297
e 33 56 304
e 33 80 292
e 33 91 204
e 33 92 200
e 33 103 197
e 33 146 203
e 33 182 203
e 33 236 203
e 33 256 194
e 33 270 204
e 33 287 200
e 34 63 299
e 34 110 203
e 34 187 202
e 34 225 198
e 35 117 191
e 35 138 194
e 35 179 208
e 35 189 202
e 35 191 193
e 35 205 198
e 35 230 194
e 35 235 197
e 35 276 197
e 35 306 196
e 35 307 199
e 36 105 191
e 36 128 207
e 36 160 202
e 36 210 196
e 36 237 199
e 36 301 197
e 37 63 299
e 37 76 303
e 37 84 197
e 37 88 189
e 37 97 195
e 37 112 199
e 37 123 205
e 37 183 203
e 37 192 198
e 37 204 199
e 37 289 194
e 38 48 296
e 38 53 298
e 38 68 305
e 38 73 296
e 38 95 196
e 38 114 197
e 38 123 199
e 38 127 201
e 38 130 201
e 38 142 201
e 38 147 198
e 38 194 193
e 38 208 200
e 38 210 203
e 38 237 199
e 38 265 198
e 38 287 202
e 39 48 310
e 39 121 194
e 39 127 203
e 39 133 190
e 39 150 200
e 39 151 200
e 39 162 196
e 39 184 193
e 39 207 192
e 39 229 206
e 39 241 193
e 39 244 202
e 39 246 196
e 39 250 202
e 39 251 197
e 39 299 206
e 40 83 208
e 40 124 201
e 40 199 205
e 40 280 197
e 40 303 204
e 41 68 298
e 41 72 298
e 41 80 296
e 41 91 197
e 41 102 195
e 41 138 197
e 41 148 204
e 41 196 203
e 41 210 199
e 41 212 193
e 41 214 200
e 41 253 204
e 41 293 197
e 42 75 299
e 42 150 208
e 42 155 182
e 42 196 197
e 42 286 191
e 43 44 300
e 43 65 304
e 43 81 199
e 43 89 201
e 43 94 191
e 43 137 198
e 43 142 197
e 44 66 307
e 44 78 304
e 44 111 201
e 44 152 201
e 44 161 206
e 44 209 204
e 44 213 203
e 44 216 207
e 44 237 192
e 44 249 203
e 44 258 202
e 44 263 201
e 44 268 191
e 44 281 195
e 44 290 198
e 44 308 197
e 44 309 194
e 44 315 196
e 45 75 296
e 45 139 192
e 45 158 191
e 45 187 208
e 45 217 199
e 45 224 193
e 45 265 192
e 46 106 202
e 46 108 198
e 46 160 192
e 46 164 200
e 46 189 192
e 46 239 198
e 46 247 199
e 46 255 199
e 46 272 200
e 46 278 202
e 46 287 201
e 46 289 206
e 46 313 203
e 46 319 196
e 47 49 310
e 47 57 304
e 47 90 199
e 47 93 201
e 47 148 188
e 47 157 202
e 47 159 203
e 47 180 204
e 47 187 196
e 47 226 202
e 47 276 202
e 47 290 200
e 47 296 198
e 48 112 197
e 48 150 202
e 48 233 198
e 49 57 294
e 49 69 306
e 49 74 299
e 49 99 196
e 49 147 195
e 49 197 201
e 49 229 204
e 49 232 203
e 49 243 211
e 49 305 201
e 50 71 294
e 50 83 194
e 50 126 204
e 50 161 203
e 50 195 194
e 50 213 204
e 50 248 201
e 50 300 195
e 51 59 295
e 51 63 292
e 51 103 196
e 51 110 197
e 51 137 204
e 51 144 198
e 51 174 202
e 51 214 202
e 51 299 202
e 52 53 301
e 52 111 205
e 52 136 198
e 52 220 193
e 52 225 195
e 52 230 203
e 52 279 192
e 52 285 207
e 52 308 200
e 53 89 202
e 53 99 205
e 53 143 203
e 53 153 197
e 53 179 197
e 53 212 203
e 53 213 209
e 53 225 203
e 53 234 212
e 53 248 198
e 53 258 196
e 53 270 198
e 53 303 197
e 54 138 202
e 54 179 192
e 54 252 196
e 54 272 192
e 54 293 198
e 54 305 202
e 54 320 205
e 55 101 204
e 55 109 186
e 55 148 201
e 55 156 213
e 55 184 199
e 55 196 199
e 55 280 201
e 56 71 300
e 56 93 210
e 56 173 201
e 56 179 191
e 56 234 203
e 56 258 198
e 57 110 204
e 57 196 205
e 57 215 192
e 57 219 204
e 57 231 201
e 57 274 204
e 58 83 206
e 58 127 207
e 58 171 202
e 58 182 196
e 58 194 193
e 58 263 198
e 58 273 204
e 59 106 195
e 59 108 206
e 59 121 196
e 59 178 196
e 59 181 198
e 59 189 197
e 59 247 200
e 59 262 210
e 59 297 196
e 59 298 197
e 59 311 197
e 59 316 202
e 60 62 302
e 60 79 294
e 60 87 196
e 60 126 200
e 60 142 193
e 60 145 193
e 60 148 205
e 60 166 195
e 60 202 206
e 60 257 191
e 60 296 200
e 61 91 204
e 61 135 209
e 61 137 199
e 61 174 196
e 61 188 201
e 61 208 197
e 61 263 198
e 61 285 187
e 61 287 197
e 61 314 195
e 62 75 291
e 62 95 196
e 62 106 199
e 62 140 195
e 62 150 201
e 62 155 196
e 62 161 192
e 62 192 204
e 62 225 201
e 62 262 200
e 62 299 198
e 63 72 289
e 63 183 195
e 63 211 194
e 63 230 198
e 63 239 194
e 63 298 207
e 63 310 210
e 64 121 195
e 64 132 197
e 64 155 200
e 64 219 197
e 64 248 196
e 64 275 191
e 65 68 296
e 65 91 205
e 65 92 203
e 65 94 204
e 65 115 197
e 65 123 206
e 65 148 206
e 65 208 195
e 65 258 205
e 65 307 201
e 66 74 296
e 66 103 199
e 66 142 196
e 66 152 204
e 66 166 202
e 66 241 200
e 66 263 195
e 66 265 187
e 66 320 199
e 67 76 299
e 67 97 198
e 67 101 203
e 67 109 202
e 67 149 203
e 67 169 203
e 67 224 193
e 67 272 196
e 67 274 197
e 67 277 203
e 68 123 198
e 68 195 199
e 68 198 200
e 68 211 199
e 68 212 189
e 68 245 205
e 69 92 204
e 69 119 205
e 69 122 199
e 69 142 189
e 69 163 206
e 69 195 203
e 69 216 204
e 70 89 196
e 70 139 203
e 70 151 203
e 70 196 201
e 70 205 201
e 70 229 194
e 70 237 202
e 70 274 197
e 70 295 197
e 71 78 293
e 71 115 202
e 71 174 195
e 71 180 190
e 71 210 201
e 71 221 200
e 71 245 209
e 72 94 197
e 72 99 208
e 72 136 202
e 72 151 197
e 72 236 197
e 72 282 201
e 72 289 194
e 72 305 194
e 73 89 204
e 73 100 199
e 73 130 205
e 73 165 202
e 73 179 195
e 73 191 200
e 73 200 202
e 73 210 205
e 73 285 195
e 73 320 202
e 74 128 200
e 74 158 193
e 74 166 196
e 74 215 203
e 74 255 198
e 74 257 197
e 74 272 203
e 75 80 302
e 75 83 206
e 75 112 195
e 75 119 198
e 75 138 205
e 75 158 193
e 75 307 204
e 76 126 200
e 76 182 199
e 76 183 200
e 76 199 194
e 76 239 195
e 76 265 201
e 76 282 205
e 76 308 206
e 76 312 195
e 76 313 203
e 77 111 207
e 77 124 204
e 77 128 204
e 77 147 199
e 77 188 202
e 77 197 190
e 77 238 198
e 77 256 197
e 77 315 199
e 78 154 199
e 78 193 206
e 78 240 208
e 78 257 200
e 79 83 198
e 79 119 202
e 79 186 203
e 79 219 203
e 79 251 198
e 79 306 199
e 80 95 202
e 80 110 199
e 80 284 203
e 80 299 203
e 80 312 199
e 81 128 100
e 81 131 101
e 81 169 105
e 81 196 99
e 81 233 90
e 81 257 103
e 81 265 103
e 81 289 94
e 82 83 106
e 82 148 85
e 82 153 103
e 82 162 96
e 82 178 103
e 82 201 105
e 82 225 101
e 83 84 104
e 83 113 104
e 83 183 98
e 83 220 102
e 83 223 101
e 83 252 94
e 83 278 93
e 83 313 96
e 84 99 92
e 84 213 91
e 84 230 94
e 84 259 104
e 84 280 89
e 84 303 96
e 84 318 98
e 85 111 111
e 85 137 101
e 85 159 92
e 85 204 106
e 86 102 98
e 86 118 98
e 86 145 100
e 86 206 101
e 86 233 102
e 86 235 105
e 86 261 96
e 86 288 94
e 86 294 99
e 87 90 93
e 87 98 99
e 87 112 90
e 87 141 94
e 87 144 97
e 87 150 95
e 87 154 95
e 87 159 100
e 87 160 106
e 87 179 110
e 87 181 100
e 87 184 91
e 87 188 99
e 87 196 100
e 87 201 95
e 87 228 107
e 87 230 102
e 87 263 106
e 87 289 110
e 87 300 98
e 88 122 99
e 88 140 98
e 88 156 100
e 88 158 97
e 88 162 87
e 88 170 100
e 88 191 98
e 89 98 110
e 89 163 94
e 89 194 110
e 89 208 100
e 89 210 101
e 89 240 106
e 89 285 96
e 89 288 100
e 90 142 97
e 90 158 106
e 90 177 99
e 90 178 98
e 90 186 95
e 90 207 86
e 90 210 98
e 90 258 91
e 91 93 101
e 91 131 95
e 91 163 100
e 91 179 96
e 91 190 95
e 91 211 96
e 91 242 100
e 91 309 106
e 92 102 101
e 92 133 100
e 92 144 98
e 92 147 96
e 92 153 100
e 92 189 101
e 92 245 98
e 92 277 107
e 92 289 96
e 92 294 107
e 92 305 100
e 93 166 100
e 93 185 106
e 93 188 104
e 93 198 100
e 93 221 102
e 93 292 101
e 94 99 104
e 94 101 101
e 94 120 102
e 94 138 102
e 94 147 104
e 94 184 99
e 94 202 99
e 94 272 95
e 95 101 108
e 95 115 92
e 95 169 109
e 95 182 101
e 95 185 103
e 95 252 100
e 95 262 95
e 96 97 99
e 96 144 103
e 96 148 102
e 96 150 89
e 96 159 103
e 96 160 94
e 96 170 109
e 96 196 92
e 96 313 96
e 97 107 99
e 97 144 101
e 97 184 108
e 97 201 98
e 97 226 101
e 97 270 104
e 97 318 103
e 98 167 105
e 98 169 102
e 98 216 98
e 98 225 104
e 98 228 101
e 98 236 99
e 98 286 99
e 98 289 93
e 98 299 96
e 98 318 106
e 99 118 95
e 99 122 102
e 99 175 96
e 99 190 87
e 99 255 106
e 99 283 102
e 99 292 94
e 99 302 89
e 100 175 110
e 100 185 96
e 100 213 105
e 100 221 99
e 100 227 93
e 100 248 95
e 100 271 105
e 100 299 95
e 100 304 107
e 101 103 97
e 101 123 105
e 101 158 103
e 101 163 107
e 101 193 97
e 101 194 95
e 101 196 97
e 101 220 96
e 101 237 100
e 101 248 103
e 101 254 104
e 101 258 107
e 101 265 98
e 101 272 104
e 101 304 100
e 102 126 99
e 102 182 101
e 102 194 100
e 103 106 96
e 103 117 96
e 103 153 95
e 103 198 97
e 103 206 102
e 103 233 97
e 103 237 102
e 103 279 91
e 103 287 101
e 103 289 99
e 103 294 91
e 104 167 94
e 104 198 94
e 104 209 103
e 104 237 99
e 104 253 102
e 104 255 116
e 104 265 103
e 104 273 101
e 104 276 102
e 104 280 103
e 104 305 97
e 104 309 104
e 105 142 108
e 105 162 94
e 105 171 96
e 105 180 97
e 105 205 101
e 105 231 105
e 105 251 102
e 105 261 102
e 105 311 96
e 106 137 107
e 106 156 105
e 106 183 107
e 106 198 104
e 106 202 97
e 106 223 98
e 106 237 103
e 106 293 94
e 107 123 95
e 107 187 98
e 107 190 92
e 107 208 96
e 107 243 98
e 107 254 102
e 107 257 99
e 107 266 106
e 107 287 104
e 107 294 101
e 107 315 94
e 108 201 105
e 108 222 98
e 108 245 98
e 108 264 94
e 109 143 112
e 109 152 101
e 109 182 97
e 109 201 103
e 109 209 100
e 109 232 105
e 109 263 93
e 109 277 96
e 110 127 93
e 110 161 100
e 110 168 95
e 110 195 93
e 110 199 103
e 110 229 91
e 110 259 103
e 110 268 101
e 110 274 94
e 110 298 101
e 110 308 102
e 110 310 101
e 111 151 105
e 111 152 101
e 111 180 92
e 111 191 104
e 111 316 91
e 112 137 99
e 112 189 100
e 112 194 103
e 112 221 104
e 112 231 102
e 112 275 105
e 112 284 93
e 112 288 95
e 112 316 96
e 113 137 101
e 113 145 87
e 113 148 99
e 113 205 101
e 113 229 94
e 113 298 97
e 114 121 99
e 114 126 99
e 114 144 92
e 114 146 103
e 114 168 100
e 114 183 101
e 114 216 92
e 115 135 97
e 115 183 106
e 115 186 103
e 115 201 106
e 115 279 95
e 115 295 99
e 116 122 106
e 116 144 96
e 116 161 97
e 116 196 102
e 116 239 101
e 116 254 103
e 116 272 99
e 116 284 101
e 116 304 100
e 117 118 100
e 117 213 104
e 117 250 100
e 117 275 101
e 117 306 99
e 117 309 99
e 118 119 98
e 118 154 102
e 118 168 103
e 118 199 90
e 118 218 102
e 118 239 97
e 118 245 95
e 118 300 104
e 118 316 102
e 118 319 91
e 119 147 101
e 119 158 97
e 119 163 92
e 119 166 98
e 119 181 100
e 119 193 99
e 119 208 101
e 119 217 91
e 119 246 102
e 119 274 97
e 120 132 98
e 120 136 101
e 120 158 94
e 120 220 99
e 120 230 97
e 120 235 94
e 120 260 103
e 120 262 107
e 120 264 91
e 120 270 98
e 121 127 101
e 121 182 90
e 121 224 100
e 121 242 94
e 121 266 99
e 121 284 97
e 121 291 103
e 121 298 96
e 122 134 102
e 122 158 100
e 122 203 89
e 122 210 105
e 122 231 99
e 122 291 98
e 122 299 94
e 122 313 101
e 123 129 91
e 123 148 97
e 123 166 109
e 123 174 105
e 123 221 101
e 123 232 91
e 123 251 105
e 123 266 95
e 123 273 106
e 123 282 103
e 124 131 109
e 124 154 99
e 124 176 94
e 124 227 103
e 124 250 91
e 124 289 113
e 124 301 94
e 125 138 97
e 125 261 99
e 125 282 103
e 126 133 99
e 126 150 99
e 126 160 104
e 126 172 97
e 126 217 101
e 126 219 97
e 126 245 103
e 126 252 102
e 126 289 95
e 126 296 100
e 126 309 101
e 126 317 114
e 127 172 99
e 127 206 104
e 127 210 103
e 127 213 100
e 127 240 103
e 127 259 98
e 127 275 89
e 127 298 101
e 127 301 93
e 128 129 98
e 128 159 101
e 128 176 97
e 128 238 98
e 128 242 104
e 128 252 94
e 129 156 101
e 129 200 100
e 129 232 92
e 129 248 101
e 129 305 97
e 129 311 106
e 130 144 107
e 130 149 101
e 130 167 100
e 130 194 96
e 130 242 104
e 130 243 94
e 130 253 101
e 130 276 93
e 130 282 103
e 131 139 100
e 131 141 102
e 131 144 101
e 131 175 99
e 131 185 89
e 131 195 98
e 131 215 105
e 131 252 96
e 132 172 108
e 132 250 104
e 132 277 97
e 133 161 104
e 133 178 98
e 133 180 94
e 133 214 99
e 133 305 103
e 134 141 107
e 134 170 92
e 134 225 101
e 134 230 105
e 134 240 98
e 134 243 96
e 134 277 97
e 134 303 97
e 134 318 102
e 135 157 99
e 135 165 94
e 135 190 107
e 135 207 100
e 135 211 105
e 135 283 104
e 135 289 89
e 135 301 94
e 135 306 92
e 136 187 105
e 136 193 104
e 136 222 99
e 136 238 99
e 136 274 101
e 136 303 98
e 137 154 109
e 137 262 91
e 137 278 92
e 138 229 104
e 138 233 95
e 138 237 103
e 138 260 90
e 138 265 99
e 138 285 103
e 138 287 98
e 139 221 99
e 139 295 100
e 140 142 99
e 140 161 94
e 140 169 105
e 140 185 100
e 140 251 104
e 140 254 97
e 140 265 101
e 141 143 101
e 141 196 99
e 141 245 88
e 141 262 91
e 142 198 96
e 142 199 112
e 143 149 92
e 143 153 98
e 143 173 98
e 143 225 93
e 143 270 101
e 143 304 97
e 144 171 94
e 144 191 104
e 144 274 96
e 145 181 108
e 145 286 105
e 145 307 95
e 145 313 110
e 145 317 99
e 146 150 96
e 146 161 85
e 146 172 98
e 146 315 100
e 147 183 111
e 147 191 98
e 147 210 94
e 147 269 94
e 147 295 107
e 148 165 92
e 148 194 99
e 148 220 100
e 148 241 98
e 148 268 103
e 148 303 97
e 148 305 103
e 149 199 111
e 149 262 94
e 149 266 111
e 149 267 96
e 149 298 97
e 150 152 98
e 150 172 106
e 150 180 101
e 150 184 98
e 150 192 101
e 150 239 102
e 150 246 95
e 150 292 109
e 150 318 102
e 151 177 102
e 151 185 103
e 151 211 105
e 151 215 105
e 151 219 100
e 151 233 102
e 151 284 86
e 151 290 92
e 151 316 99
e 152 194 107
e 152 204 106
e 152 212 96
e 152 216 97
e 152 217 96
e 152 249 107
e 152 280 96
e 153 183 97
e 153 207 104
e 153 209 101
e 153 253 91
e 153 278 90
e 153 297 98
e 154 175 95
e 154 233 106
e 154 302 100
e 154 316 104
e 155 161 96
e 155 211 107
e 155 284 102
e 155 303 100
e 156 161 98
e 156 236 101
e 156 262 103
e 156 311 103
e 156 315 100
e 157 178 101
e 157 195 97
e 157 219 98
e 157 265 98
e 157 275 108
e 157 296 105
e 158 167 100
e 158 173 105
e 158 175 99
e 158 185 101
e 158 196 109
e 158 201 107
e 158 205 106
e 158 255 99
e 158 284 105
e 158 291 95
e 158 312 98
e 159 231 98
e 159 318 101
e 160 164 98
e 160 165 104
e 160 174 102
e 160 189 104
e 160 201 94
e 160 206 93
e 161 171 85
e 161 197 104
e 161 198 108
e 161 241 99
e 161 264 98
e 161 267 103
e 162 164 102
e 162 173 99
e 162 196 94
e 162 257 103
e 162 273 103
e 162 310 101
e 163 166 104
e 163 223 103
e 163 230 97
e 163 269 101
e 163 311 107
e 164 180 114
e 164 225 104
e 164 266 105
e 164 290 95
e 164 312 109
e 164 314 99
e 165 204 100
e 165 224 96
e 165 229 102
e 165 267 97
e 166 185 100
e 166 225 103
e 166 239 102
e 166 258 96
e 167 176 94
e 167 207 95
e 167 262 97
e 167 265 100
e 167 266 103
e 168 275 93
e 168 294 110
e 169 203 90
e 169 247 102
e 169 250 102
e 169 292 92
e 170 190 92
e 170 192 102
e 170 291 96
e 170 304 99
e 170 312 99
e 170 316 102
e 171 174 95
e 171 218 104
e 171 313 100
e 172 214 94
e 172 279 100
e 172 281 97
e 172 293 90
e 172 298 92
e 172 301 93
e 173 212 100
e 173 255 103
e 173 294 100
e 173 305 105
e 174 183 106
e 174 223 100
e 174 238 103
e 174 239 107
e 174 266 100
e 174 319 98
e 175 201 97
e 175 282 99
e 176 195 96
e 176 230 105
e 176 256 98
e 176 259 107
e 176 265 104
e 176 279 99
e 177 185 96
e 177 258 96
e 177 273 103
e 177 299 101
e 177 306 97
e 178 185 99
e 178 197 99
e 178 249 96
e 178 281 98
e 178 290 97
e 178 307 105
e 179 193 113
e 179 226 102
e 179 271 88
e 179 272 91
e 179 275 111
e 179 276 96
e 179 302 101
e 180 209 92
e 180 232 103
e 180 268 93
e 180 307 100
e 180 308 109
e 181 183 107
e 181 201 102
e 181 255 102
e 181 267 102
e 181 299 100
e 181 300 91
e 182 192 100
e 182 247 108
e 183 203 95
e 183 232 96
e 183 237 102
e 183 248 96
e 183 254 114
e 183 273 104
e 183 281 103
e 183 282 100
e 183 284 104
e 183 291 95
e 183 304 100
e 184 185 104
e 184 247 95
e 184 294 106
e 184 305 99
e 185 198 96
e 185 252 92
e 185 272 98
e 185 278 104
e 185 305 100
e 186 200 103
e 186 232 98
e 186 251 107
e 186 265 107
e 186 270 106
e 187 195 93
e 187 198 97
e 187 206 93
e 187 207 101
e 187 218 100
e 187 263 107
e 187 294 97
e 187 300 104
e 188 225 101
e 188 291 97
e 189 196 95
e 189 203 100
e 190 226 98
e 190 278 98
e 191 224 101
e 191 229 97
e 191 307 95
e 192 203 93
e 192 208 104
e 192 216 103
e 192 240 102
e 192 279 101
e 193 276 105
e 193 302 93
e 193 307 91
e 193 312 105
e 194 200 102
e 194 208 95
e 194 225 96
e 194 227 95
e 194 229 104
e 194 257 100
e 194 268 103
e 194 280 110
e 195 257 104
e 195 276 104
e 195 295 102
e 196 229 101
e 196 236 105
e 196 265 102
e 196 280 91
e 196 309 102
e 196 313 98
e 197 249 95
e 197 294 97
e 197 313 98
e 198 223 101
e 198 228 101
e 198 247 91
e 198 252 102
e 198 263 99
e 198 301 106
e 199 211 95
e 199 228 102
e 199 288 97
e 199 307 106
e 199 308 98
e 200 213 93
e 200 226 102
e 200 231 103
e 200 237 88
e 200 242 103
e 200 306 98
e 200 310 98
e 201 308 99
e 201 311 95
e 202 231 105
e 202 233 100
e 202 268 96
e 202 272 96
e 202 289 96
e 202 302 90
e 203 222 88
e 203 277 101
e 203 280 95
e 203 311 94
e 203 318 110
e 204 221 99
e 205 216 98
e 205 225 102
e 205 305 99
e 206 220 99
e 206 242 97
e 207 229 97
e 207 291 98
e 208 211 106
e 208 231 106
e 208 278 99
e 208 297 101
e 209 215 107
e 209 229 94
e 209 282 95
e 209 284 100
e 209 302 102
e 209 316 98
e 210 216 105
e 210 222 105
e 210 248 100
e 210 271 93
e 210 279 94
e 210 292 98
e 211 214 95
e 211 254 96
e 211 265 97
e 211 302 105
e 212 226 104
e 212 260 100
e 212 271 94
e 212 313 96
e 213 217 109
e 213 224 104
e 213 226 104
e 213 228 97
e 213 248 96
e 213 277 96
e 214 223 94
e 214 242 101
e 214 267 103
e 214 298 104
e 215 241 90
e 215 273 101
e 215 279 96
e 215 296 106
e 215 313 105
e 216 218 99
e 216 302 97
e 217 260 92
e 217 272 100
e 217 275 106
e 218 222 89
e 218 230 96
e 218 265 95
e 218 276 105
e 219 248 103
e 219 261 106
e 219 267 97
e 219 272 101
e 220 274 99
e 221 231 102
e 221 249 99
e 221 272 100
e 221 295 96
e 221 313 87
e 222 238 101
e 222 255 97
e 222 271 101
e 222 305 106
e 222 315 109
e 222 320 96
e 223 271 102
e 223 272 92
e 223 280 99
e 223 297 99
e 223 304 98
e 224 245 92
e 224 248 101
e 224 273 100
e 224 279 100
e 224 301 106
e 224 316 105
e 225 232 100
e 225 262 103
e 225 279 104
e 226 241 106
e 226 243 99
e 226 244 98
e 226 263 103
e 226 274 97
e 226 285 101
e 226 292 103
e 227 244 99
e 227 275 99
e 227 284 97
e 227 304 104
e 228 258 96
e 228 303 109
e 229 239 101
e 229 257 98
e 229 261 99
e 229 268 95
e 229 318 98
e 231 260 111
e 232 299 101
e 232 310 100
e 233 261 96
e 233 265 97
e 233 271 103
e 233 272 98
e 234 256 98
e 234 278 101
e 235 268 96
e 235 271 100
e 235 313 103
e 236 271 103
e 236 289 98
e 237 245 92
e 238 264 99
e 238 288 97
e 238 294 95
e 238 317 94
e 239 277 105
e 239 282 99
e 239 316 104
e 240 245 102
e 240 254 105
e 240 285 96
e 240 289 109
e 240 317 103
e 240 320 97
e 241 266 104
e 241 283 98
e 241 300 93
e 241 305 93
e 242 252 102
e 242 255 105
e 243 292 101
e 243 317 100
e 243 320 95
e 244 254 113
e 244 266 109
e 244 269 105
e 244 313 96
e 244 314 99
e 245 251 96
e 245 261 95
e 245 263 100
e 245 289 99
e 245 292 104
e 246 280 88
e 246 281 93
e 246 291 101
e 246 297 96
e 246 299 99
e 246 319 105
e 247 291 107
e 247 307 97
e 247 317 115
e 248 274 96
e 248 313 100
e 249 276 99
e 249 309 107
e 251 253 98
e 251 284 104
e 251 301 97
e 251 312 97
e 252 276 95
e 252 281 105
e 252 287 95
e 252 311 98
e 253 268 90
e 253 302 99
e 253 316 99
e 254 278 102
e 255 280 101
e 255 309 98
e 255 316 100
e 256 310 106
e 257 264 110
e 257 286 101
e 257 298 102
e 258 284 88
e 258 290 97
e 259 272 101
e 259 293 90
e 259 294 110
e 259 295 99
e 260 296 96
e 260 309 93
e 260 311 108
e 260 318 99
e 261 289 98
e 262 264 104
e 262 279 104
e 262 287 104
e 262 310 102
e 262 314 102
e 263 299 97
e 263 312 101
e 264 272 109
e 265 281 95
e 265 319 106
e 266 286 103
e 267 272 105
e 267 295 100
e 268 274 91
e 268 278 108
e 268 290 102
e 268 301 94
e 270 283 109
e 271 283 100
e 271 285 96
e 271 296 102
e 271 299 103
e 272 319 100
e 273 287 96
e 274 309 97
e 274 315 98
e 275 291 102
e 275 294 100
e 276 316 95
e 278 299 105
e 279 320 97
e 281 287 108
e 281 302 96
e 282 295 101
e 282 302 98
e 282 303 99
e 283 300 102
e 283 307 95
e 283 320 94
e 287 310 99
e 288 302 96
e 291 300 108
e 291 316 99
e 292 302 106
e 292 309 105
e 293 320 90
e 297 300 102
e 297 308 106
e 297 315 92
e 297 318 101
e 298 301 100
e 298 306 109
e 299 320 97
e 300 301 97
e 302 312 96
e 305 309 98
e 306 317 95
e 307 311 103
e 310 317 99
e 310 318 103