DIMACS2
80 1
 2
 3
 4
 5
 6
 7
 8
 9
 10
 11
 12
 13
 14
 15 16
 17
 18
 19
 20
 21
 22
 23
 24
 25
 26
 27
 28
 29
 30 31
 32
 33
 34
 35
 36
 37
 38
 39
 40
 41
 42
 43
 44
 45 46
 47
 48
 49
 50
 51
 52
 53
 54
 55
 56
 57
 58
 59
 60 61
 62
 63
 64
 65
 66
 67
 68
 69
 70
 71
 72
 73
 74
 75 76
 77
 78
 79
 80

p edge 320 1845
e 1 40 299
e 1 66 304
e 1 84 197
e 1 90 197
e 1 104 196
e 1 117 197
e 1 146 201
e 1 157 191
e 1 158 196
e 1 162 196
e 1 226 201
e 1 228 206
e 1 271 210
e 1 296 190
e 1 299 209
e 1 303 207
e 2 8 309
e 2 50 303
e 2 53 299
e 2 57 301
e 2 62 302
e 2 86 199
e 2 96 207
e 2 103 199
e 2 123 202
e 2 138 201
e 2 189 197
e 2 232 197
e 2 247 190
e 2 274 208
e 3 41 301
e 3 66 295
e 3 191 207
e 3 194 189
e 3 212 201
e 3 226 197
e 3 250 204
e 3 285 195
e 3 298 205
e 4 65 298
e 4 75 304
e 4 76 298
e 4 197 211
e 4 209 189
e 4 233 208
e 4 246 194
e 4 292 203
e 5 12 294
e 5 27 306
e 5 31 301
e 5 42 305
e 5 72 305
e 5 80 303
e 5 91 190
e 5 95 211
e 5 108 195
e 5 116 198
e 5 159 204
e 5 164 197
e 5 172 203
e 5 185 199
e 5 194 200
e 5 213 202
e 5 215 192
e 5 232 199
e 5 292 198
e 5 293 196
e 5 294 207
e 6 102 191
e 6 120 200
e 6 151 205
e 6 172 194
e 6 235 202
e 6 283 199
e 6 305 206
e 7 23 300
e 7 25 298
e 7 138 202
e 7 148 204
e 7 166 198
e 7 173 197
e 7 180 192
e 7 194 211
e 7 217 201
e 7 238 195
e 8 36 289
e 8 45 305
e 8 86 202
e 8 154 200
e 8 185 205
e 8 272 196
e 8 279 198
e 9 13 299
e 9 26 308
e 9 36 306
e 9 134 200
e 9 151 206
e 9 163 200
e 9 203 194
e 9 204 205
e 9 212 195
e 9 276 203
e 9 282 196
e 9 314 204
e 10 67 297
e 10 130 205
e 10 148 199
e 10 165 201
e 10 174 210
e 10 175 192
e 10 176 204
e 10 178 202
e 10 190 203
e 10 193 204
e 10 205 208
e 10 228 199
e 10 265 195
e 10 298 195
e 10 313 198
e 11 79 291
e 11 87 209
e 11 103 200
e 11 116 200
e 11 122 196
e 11 140 201
e 11 201 193
e 11 225 205
e 11 230 201
e 11 253 201
e 11 293 202
e 11 310 194
e 12 18 302
e 12 25 305
e 12 27 292
e 12 33 303
e 12 43 292
e 12 46 298
e 12 111 189
e 12 141 200
e 12 146 202
e 12 172 201
e 12 316 199
e 13 19 310
e 13 25 300
e 13 73 298
e 13 124 197
e 13 178 198
e 13 184 197
e 13 214 207
e 13 217 195
e 13 248 204
e 13 277 198
e 13 295 189
e 13 296 213
e 13 318 206
e 14 27 298
e 14 152 194
e 14 182 202
e 14 220 201
e 14 231 202
e 14 236 208
e 14 239 196
e 14 301 200
e 15 18 299
e 15 42 298
e 15 97 193
e 15 115 193
e 15 117 197
e 15 130 197
e 15 143 207
e 15 169 205
e 15 197 209
e 15 211 203
e 15 212 196
e 15 228 202
e 15 254 206
e 15 264 195
e 15 296 211
e 16 95 199
e 16 97 197
e 16 104 197
e 16 192 203
e 16 291 197
e 16 302 204
e 17 61 297
e 17 72 299
e 17 97 199
e 17 131 195
e 17 139 193
e 17 180 211
e 17 209 198
e 17 224 198
e 17 245 209
e 17 253 188
e 17 311 198
e 18 133 200
e 18 134 196
e 18 139 207
e 18 140 201
e 18 148 205
e 18 152 191
e 18 153 207
e 18 179 204
e 18 198 191
e 18 203 203
e 18 213 197
e 18 263 200
e 18 289 190
e 18 295 201
e 19 80 304
e 19 105 200
e 19 147 204
e 19 150 208
e 19 187 197
e 19 257 190
e 19 274 205
e 19 280 201
e 20 58 298
e 20 135 204
e 20 160 199
e 20 170 199
e 20 180 196
e 20 252 205
e 20 256 202
e 20 260 202
e 20 262 199
e 20 278 198
e 20 317 206
e 21 29 295
e 21 40 304
e 21 59 301
e 21 88 206
e 21 123 198
e 21 135 193
e 21 186 202
e 21 209 204
e 21 235 201
e 21 246 203
e 21 252 206
e 21 269 202
e 21 303 198
e 21 315 200
e 21 319 194
e 22 33 297
e 22 58 299
e 22 59 298
e 22 99 202
e 22 111 190
e 22 130 201
e 22 178 196
e 22 223 199
e 22 227 201
e 22 232 195
e 22 244 204
e 22 251 198
e 22 271 199
e 22 272 203
e 22 273 207
e 23 55 298
e 23 85 210
e 23 87 201
e 23 92 196
e 23 100 198
e 23 119 205
e 23 121 196
e 23 122 201
e 23 128 202
e 23 142 201
e 23 194 201
e 23 246 197
e 23 266 198
e 23 268 198
e 23 273 200
e 23 316 206
e 24 28 296
e 24 120 207
e 24 221 207
e 24 268 198
e 25 35 301
e 25 104 200
e 25 122 206
e 25 125 212
e 25 133 198
e 25 204 208
e 25 209 197
e 25 237 199
e 25 255 198
e 25 279 199
e 26 61 293
e 26 102 199
e 26 164 203
e 26 201 202
e 26 206 205
e 26 213 192
e 26 238 202
e 26 239 194
e 26 248 202
e 26 259 206
e 26 271 199
e 26 317 195
e 27 89 203
e 27 96 198
e 27 127 202
e 27 148 198
e 27 159 190
e 27 192 198
e 27 221 195
e 27 225 202
e 27 236 197
e 27 238 198
e 27 246 205
e 27 279 196
e 27 285 198
e 27 295 200
e 28 69 294
e 28 138 211
e 28 154 191
e 28 155 195
e 28 182 198
e 28 187 200
e 28 311 196
e 28 315 201
e 28 317 201
e 29 31 298
e 29 53 295
e 29 92 197
e 29 160 199
e 29 185 200
e 29 240 205
e 29 293 207
e 30 66 294
e 30 102 203
e 30 104 200
e 30 160 200
e 30 177 203
e 30 178 208
e 31 53 301
e 31 82 203
e 31 92 208
e 31 130 201
e 31 146 196
e 31 159 205
e 31 176 201
e 31 188 200
e 31 204 202
e 31 251 194
e 31 267 199
e 31 283 193
e 32 37 293
e 32 73 302
e 32 89 200
e 32 94 205
e 32 102 193
e 32 110 201
e 32 117 202
e 32 123 191
e 32 127 201
e 32 195 194
e 32 204 203
e 32 221 192
e 32 243 196
e 32 276 205
e 32 281 198
e 32 298 191
e 32 316 200
e 33 46 293
e 33 71 292
e 33 94 204
e 33 95 196
e 33 189 205
e 33 251 196
e 33 288 208
e 33 300 198
e 33 310 200
e 34 35 308
e 34 59 299
e 34 77 301
e 34 89 199
e 34 99 200
e 34 168 193
e 34 175 204
e 34 183 204
e 34 200 200
e 34 215 198
e 34 249 207
e 34 270 189
e 34 281 194
e 34 312 186
e 35 58 297
e 35 76 301
e 35 85 207
e 35 88 203
e 35 119 204
e 35 122 200
e 35 130 199
e 35 150 202
e 35 163 203
e 35 188 195
e 35 202 200
e 35 205 195
e 35 259 202
e 35 266 195
e 35 289 198
e 35 291 191
e 35 298 196
e 35 307 200
e 36 95 202
e 36 107 207
e 36 109 197
e 36 149 200
e 36 197 200
e 36 227 210
e 36 233 208
e 36 320 207
e 37 41 302
e 37 46 300
e 37 76 294
e 37 95 204
e 37 126 188
e 37 148 202
e 37 153 203
e 37 187 198
e 37 192 199
e 37 210 204
e 37 227 207
e 37 251 205
e 37 278 196
e 37 292 201
e 37 304 202
e 37 314 192
e 38 39 296
e 38 56 296
e 38 58 302
e 38 76 302
e 38 84 202
e 38 119 202
e 38 147 193
e 38 151 199
e 38 168 193
e 38 178 196
e 38 189 192
e 38 198 206
e 38 219 194
e 38 229 202
e 38 257 197
e 39 64 295
e 39 108 204
e 39 133 212
e 39 142 194
e 39 148 202
e 39 213 197
e 39 237 201
e 39 250 205
e 39 265 202
e 39 311 204
e 40 41 289
e 40 44 291
e 40 68 301
e 40 76 298
e 40 91 196
e 40 106 201
e 40 126 204
e 40 138 200
e 40 149 193
e 40 162 207
e 40 172 195
e 40 192 204
e 40 237 189
e 40 243 200
e 40 306 197
e 40 320 202
e 41 57 300
e 41 101 193
e 41 169 208
e 41 221 202
e 41 307 202
e 41 320 199
e 42 92 202
e 42 117 197
e 42 168 199
e 42 201 201
e 42 250 198
e 42 275 195
e 42 302 207
e 43 73 298
e 43 113 194
e 43 152 197
e 43 159 199
e 43 259 195
e 43 272 194
e 44 45 301
e 44 115 194
e 44 118 199
e 44 148 191
e 44 186 198
e 44 242 200
e 44 246 201
e 44 278 203
e 44 282 204
e 44 283 202
e 44 294 204
e 45 49 302
e 45 51 299
e 45 126 192
e 45 180 201
e 45 183 195
e 45 263 194
e 45 271 188
e 45 280 204
e 45 282 202
e 46 47 299
e 46 106 198
e 46 157 200
e 46 168 192
e 46 170 197
e 46 196 195
e 46 207 192
e 46 227 208
e 46 256 201
e 46 308 193
e 47 64 296
e 47 81 194
e 47 124 201
e 47 139 191
e 47 162 197
e 47 186 205
e 47 219 189
e 47 239 196
e 47 290 207
e 48 51 307
e 48 67 297
e 48 132 202
e 48 155 204
e 48 194 194
e 48 241 203
e 48 247 197
e 48 259 198
e 48 266 203
e 48 273 194
e 49 82 207
e 49 110 201
e 49 115 204
e 49 166 205
e 49 231 198
e 50 63 304
e 50 85 189
e 50 111 200
e 50 116 198
e 50 119 190
e 50 130 201
e 50 151 191
e 50 168 195
e 50 188 206
e 50 189 195
e 50 218 202
e 50 271 195
e 50 278 195
e 50 289 187
e 51 82 204
e 51 83 192
e 51 153 200
e 51 156 198
e 51 174 199
e 51 239 191
e 51 245 200
e 51 253 203
e 51 275 197
e 52 106 198
e 52 130 185
e 52 131 207
e 52 177 194
e 52 236 195
e 52 238 205
e 53 110 191
e 53 130 200
e 53 156 199
e 53 164 207
e 53 187 202
e 53 199 191
e 53 211 198
e 53 221 200
e 53 290 194
e 53 291 195
e 53 304 209
e 54 69 308
e 54 106 197
e 54 109 195
e 54 134 198
e 54 143 192
e 54 155 203
e 54 244 199
e 54 250 198
e 54 261 195
e 54 272 197
e 54 278 198
e 54 301 202
e 54 312 201
e 55 116 201
e 55 124 204
e 55 153 187
e 55 224 206
e 55 237 216
e 55 265 193
e 55 270 203
e 55 290 207
e 55 295 200
e 55 306 207
e 56 88 198
e 56 90 197
e 56 143 209
e 56 144 209
e 56 168 203
e 56 226 197
e 56 233 198
e 56 283 197
e 57 108 201
e 57 137 199
e 57 224 201
e 57 240 204
e 57 244 192
e 57 289 196
e 57 293 196
e 58 72 304
e 58 106 199
e 58 116 190
e 58 123 199
e 58 154 204
e 58 157 200
e 58 180 204
e 58 200 199
e 58 204 202
e 58 225 206
e 58 231 207
e 58 251 191
e 58 263 207
e 58 305 209
e 59 60 298
e 59 180 203
e 59 213 206
e 59 231 196
e 59 247 209
e 59 254 200
e 59 256 198
e 59 309 200
e 59 317 210
e 60 81 198
e 60 133 199
e 60 141 209
e 60 151 209
e 60 198 199
e 60 251 200
e 60 260 195
e 60 312 193
e 61 108 191
e 61 128 193
e 61 136 208
e 61 147 205
e 61 151 204
e 61 193 190
e 61 235 193
e 61 255 202
e 61 263 201
e 61 289 202
e 62 64 307
e 62 108 202
e 62 112 211
e 62 126 198
e 62 183 208
e 62 203 208
e 62 217 209
e 62 279 195
e 62 286 199
e 62 287 207
e 62 301 196
e 63 75 297
e 63 188 202
e 63 217 198
e 63 248 197
e 63 271 196
e 63 290 204
e 63 315 213
e 63 316 197
e 64 81 203
e 64 133 201
e 64 187 198
e 64 200 199
e 64 214 194
e 64 233 195
e 64 277 201
e 65 94 201
e 65 96 199
e 65 107 192
e 65 113 205
e 65 116 200
e 65 163 192
e 65 184 201
e 65 187 195
e 65 204 207
e 65 215 204
e 65 286 197
e 66 77 291
e 66 207 194
e 66 211 198
e 66 266 194
e 67 69 308
e 67 117 214
e 67 122 201
e 67 177 196
e 67 189 204
e 67 197 202
e 67 205 195
e 67 208 199
e 67 229 200
e 67 305 204
e 68 73 294
e 68 197 205
e 68 239 199
e 68 263 197
e 68 270 194
e 68 272 198
e 68 296 189
e 68 312 192
e 69 102 204
e 69 119 198
e 69 168 209
e 69 175 197
e 69 176 198
e 69 193 207
e 69 198 209
e 69 212 200
e 69 217 199
e 69 254 197
e 69 282 193
e 69 320 196
e 70 114 200
e 70 127 205
e 70 161 196
e 70 177 190
e 70 211 201
e 70 250 208
e 70 266 192
e 70 290 199
e 70 302 205
e 71 123 196
e 71 182 196
e 71 186 195
e 71 235 199
e 71 243 200
e 71 290 210
e 71 300 194
e 72 116 202
e 72 128 199
e 72 146 209
e 72 154 197
e 72 155 201
e 72 218 209
e 72 257 194
e 72 290 204
e 72 293 203
e 72 297 191
e 72 314 207
e 73 91 194
e 73 92 204
e 73 99 201
e 73 107 203
e 73 108 195
e 73 119 192
e 73 191 189
e 73 217 202
e 73 240 198
e 73 275 196
e 73 314 195
e 74 100 200
e 74 107 208
e 74 130 202
e 74 146 204
e 74 169 211
e 74 178 199
e 74 218 198
e 74 250 206
e 74 273 206
e 74 289 193
e 75 84 197
e 75 133 189
e 75 140 200
e 75 159 198
e 75 161 199
e 75 185 195
e 75 191 197
e 75 196 194
e 75 225 194
e 75 227 191
e 75 236 205
e 75 239 197
e 75 294 208
e 75 301 213
e 75 307 201
e 76 97 195
e 76 118 198
e 76 134 199
e 76 230 202
e 76 292 205
e 77 96 192
e 77 139 207
e 77 145 202
e 77 266 201
e 77 274 199
e 78 130 195
e 78 138 193
e 78 153 194
e 78 154 197
e 78 158 200
e 78 162 199
e 78 180 197
e 78 315 202
e 78 318 194
e 79 80 295
e 79 94 204
e 79 126 196
e 79 129 199
e 79 149 204
e 79 153 205
e 79 178 205
e 79 179 209
e 79 194 201
e 79 202 188
e 79 217 206
e 79 271 200
e 79 303 190
e 79 312 204
e 79 320 195
e 80 109 197
e 80 154 203
e 80 156 193
e 80 157 201
e 80 249 192
e 80 265 204
e 81 103 98
e 81 112 95
e 81 174 99
e 81 194 97
e 81 241 103
e 81 264 97
e 81 279 99
e 81 294 99
e 82 171 99
e 82 192 105
e 82 212 96
e 82 228 94
e 82 244 102
e 82 289 101
e 83 92 93
e 83 104 101
e 83 146 107
e 83 150 93
e 83 174 92
e 83 200 100
e 83 218 104
e 83 221 92
e 83 271 94
e 83 309 102
e 84 106 108
e 84 127 105
e 84 190 98
e 84 196 95
e 84 232 94
e 84 242 95
e 84 243 95
e 84 264 93
e 84 273 100
e 85 116 103
e 85 149 107
e 85 173 107
e 85 204 100
e 85 254 101
e 85 286 95
e 85 304 102
e 85 308 91
e 86 143 104
e 86 159 99
e 86 161 90
e 86 166 100
e 86 259 94
e 87 127 96
e 87 128 112
e 87 154 105
e 87 168 105
e 87 173 94
e 87 194 106
e 87 258 100
e 87 314 99
e 88 135 97
e 88 153 106
e 88 157 105
e 88 185 107
e 88 187 93
e 88 255 92
e 89 119 97
e 89 177 100
e 89 220 98
e 89 228 96
e 89 273 110
e 90 105 96
e 90 109 100
e 90 112 101
e 90 168 97
e 90 191 102
e 90 203 104
e 90 216 106
e 90 235 107
e 90 311 101
e 91 95 104
e 91 117 106
e 91 155 99
e 91 163 96
e 91 164 99
e 91 227 95
e 91 234 109
e 91 235 88
e 91 238 100
e 91 310 109
e 92 98 99
e 92 111 108
e 92 115 95
e 92 123 108
e 92 133 97
e 92 194 95
e 92 284 92
e 92 302 106
e 93 98 103
e 93 103 102
e 93 119 94
e 93 121 93
e 93 142 92
e 93 145 102
e 93 156 99
e 93 233 103
e 93 238 101
e 93 269 106
e 93 275 97
e 93 290 105
e 94 155 93
e 94 189 99
e 94 282 110
e 95 106 105
e 95 131 97
e 95 281 101
e 96 148 91
e 96 188 106
e 96 207 96
e 96 212 108
e 96 226 100
e 96 251 106
e 96 266 97
e 96 267 104
e 96 301 104
e 97 155 100
e 97 159 93
e 97 175 109
e 97 181 98
e 97 215 104
e 97 220 94
e 97 240 101
e 97 247 105
e 97 284 99
e 97 313 105
e 98 106 97
e 98 136 107
e 98 168 109
e 98 174 95
e 98 179 98
e 98 220 102
e 98 221 105
e 98 251 95
e 98 259 102
e 98 272 95
e 98 277 93
e 98 312 95
e 99 116 103
e 99 143 99
e 99 148 92
e 99 180 105
e 99 181 94
e 99 182 107
e 99 186 102
e 99 271 93
e 99 315 94
e 100 153 87
e 100 187 102
e 100 205 99
e 100 210 99
e 100 215 100
e 100 268 97
e 100 298 100
e 100 300 106
e 101 112 95
e 101 139 99
e 101 155 93
e 101 207 97
e 101 224 110
e 101 236 101
e 101 251 97
e 101 269 94
e 102 105 92
e 102 152 97
e 102 158 97
e 102 215 93
e 102 217 95
e 102 223 104
e 102 267 104
e 102 314 106
e 103 151 96
e 103 221 99
e 103 248 101
e 103 316 92
e 103 319 107
e 104 118 90
e 104 119 102
e 104 252 95
e 105 126 97
e 105 140 98
e 105 154 95
e 105 214 97
e 105 230 105
e 105 242 90
e 105 274 106
e 106 112 97
e 106 125 102
e 106 144 98
e 106 185 95
e 106 257 92
e 106 278 93
e 106 313 101
e 107 120 100
e 107 130 102
e 107 177 103
e 107 196 91
e 107 221 99
e 107 294 99
e 107 301 101
e 107 307 91
e 107 314 99
e 108 134 102
e 108 197 97
e 108 216 98
e 108 217 106
e 108 236 97
e 108 247 103
e 108 249 90
e 109 123 96
e 109 220 98
e 109 231 102
e 109 234 95
e 109 267 100
e 109 287 90
e 109 299 99
e 109 303 105
e 110 122 97
e 110 154 107
e 110 158 91
e 110 221 101
e 110 224 97
e 110 257 102
e 110 319 95
e 111 124 94
e 111 163 98
e 111 166 95
e 111 176 104
e 111 202 94
e 111 219 99
e 111 254 99
e 111 300 102
e 111 309 90
e 112 147 103
e 112 150 103
e 112 218 100
e 112 298 103
e 112 305 96
e 113 133 97
e 113 138 88
e 113 140 103
e 113 216 96
e 113 245 88
e 113 250 103
e 113 256 92
e 113 268 96
e 113 280 103
e 114 127 101
e 114 148 104
e 114 160 99
e 114 207 96
e 114 220 103
e 114 247 93
e 114 275 97
e 115 124 109
e 115 133 106
e 115 159 104
e 115 169 110
e 115 230 100
e 115 246 90
e 115 258 100
e 115 318 90
e 116 139 100
e 116 142 104
e 116 148 102
e 116 161 105
e 116 170 103
e 116 184 104
e 116 211 100
e 116 241 104
e 116 246 104
e 117 128 100
e 117 143 97
e 117 145 95
e 117 159 105
e 117 174 104
e 117 186 102
e 117 187 95
e 117 222 97
e 117 253 107
e 117 256 103
e 117 288 108
e 117 296 91
e 117 300 96
e 117 303 103
e 117 304 94
e 118 180 97
e 118 213 102
e 118 292 106
e 119 152 96
e 119 179 95
e 119 188 98
e 119 198 97
e 119 224 96
e 119 275 112
e 120 129 96
e 120 159 102
e 120 263 98
e 120 319 105
e 121 145 98
e 121 156 97
e 121 181 109
e 121 305 105
e 121 316 106
e 121 319 101
e 122 153 102
e 122 197 100
e 122 234 104
e 122 237 95
e 122 239 106
e 123 171 102
e 123 220 98
e 123 223 99
e 123 239 104
e 123 266 102
e 123 269 101
e 123 282 93
e 124 129 93
e 124 142 100
e 124 232 110
e 124 236 101
e 124 242 99
e 124 295 99
e 125 204 100
e 125 242 97
e 125 272 98
e 125 284 98
e 125 285 96
e 126 200 99
e 126 237 98
e 127 159 102
e 127 181 102
e 127 223 91
e 127 267 99
e 127 287 109
e 127 316 110
e 128 134 99
e 128 140 93
e 128 142 99
e 128 151 106
e 128 203 98
e 128 236 104
e 128 256 91
e 128 275 103
e 128 291 100
e 128 307 97
e 129 155 101
e 129 163 96
e 129 187 104
e 129 199 103
e 129 294 102
e 130 131 98
e 130 157 97
e 130 171 97
e 130 207 105
e 130 251 99
e 130 261 105
e 130 271 98
e 130 305 104
e 130 312 99
e 131 139 92
e 131 143 103
e 131 163 103
e 131 189 104
e 131 260 97
e 131 299 107
e 131 302 103
e 131 316 102
e 132 239 91
e 132 286 95
e 132 316 93
e 133 200 100
e 133 203 96
e 133 206 93
e 133 214 96
e 133 232 104
e 133 250 101
e 133 262 99
e 134 136 97
e 134 137 96
e 134 156 99
e 134 234 101
e 134 240 101
e 134 272 109
e 134 287 102
e 134 291 101
e 134 306 96
e 135 153 105
e 135 163 97
e 135 279 96
e 135 292 94
e 135 305 109
e 136 149 95
e 136 151 96
e 136 200 98
e 136 208 101
e 136 215 103
e 136 234 108
e 136 255 100
e 136 262 101
e 136 301 98
e 137 145 85
e 137 170 97
e 137 183 104
e 137 187 100
e 137 216 93
e 137 261 103
e 137 302 95
e 138 169 97
e 138 229 99
e 138 263 91
e 138 275 97
e 138 276 102
e 138 295 96
e 138 298 103
e 138 310 101
e 138 320 93
e 139 143 98
e 139 181 92
e 139 223 101
e 139 228 102
e 139 261 99
e 139 266 113
e 140 167 96
e 140 174 102
e 140 175 93
e 141 157 95
e 141 187 94
e 141 216 95
e 141 223 99
e 141 230 95
e 141 240 100
e 141 246 106
e 141 283 100
e 142 176 92
e 142 177 100
e 142 208 105
e 142 267 104
e 142 301 99
e 142 316 94
e 142 319 104
e 143 144 104
e 143 148 98
e 143 206 105
e 143 233 91
e 143 236 105
e 143 243 107
e 143 252 98
e 143 265 92
e 143 285 98
e 143 305 93
e 144 164 102
e 144 173 107
e 144 186 103
e 144 241 100
e 145 154 101
e 145 170 100
e 145 229 90
e 145 239 103
e 145 290 108
e 145 305 98
e 145 307 98
e 146 233 90
e 146 275 101
e 146 293 101
e 147 149 102
e 147 178 98
e 147 182 102
e 147 186 108
e 147 188 101
e 147 220 102
e 147 291 100
e 148 155 93
e 148 208 106
e 148 226 90
e 148 258 107
e 148 290 104
e 149 159 92
e 149 174 105
e 149 183 103
e 149 191 96
e 149 205 101
e 149 229 100
e 149 230 96
e 149 250 94
e 149 252 93
e 149 265 102
e 149 287 108
e 149 300 107
e 149 318 101
e 150 188 100
e 150 200 94
e 150 234 100
e 151 154 102
e 151 158 104
e 151 257 97
e 151 317 86
e 151 319 94
e 153 164 95
e 153 270 99
e 153 278 92
e 153 314 95
e 154 187 96
e 154 207 101
e 154 308 96
e 154 311 94
e 154 318 100
e 155 206 106
e 155 211 107
e 155 234 90
e 155 260 98
e 155 285 95
e 155 314 99
e 155 319 97
e 156 196 98
e 156 237 95
e 156 276 102
e 156 296 96
e 156 302 94
e 157 191 105
e 157 213 105
e 157 215 95
e 158 162 107
e 158 169 95
e 158 177 103
e 158 197 101
e 158 215 97
e 158 231 100
e 158 254 103
e 158 258 102
e 158 262 105
e 158 291 102
e 159 175 98
e 159 183 104
e 159 224 97
e 159 296 93
e 159 314 100
e 160 182 102
e 160 187 94
e 160 220 95
e 160 272 97
e 160 285 98
e 160 308 98
e 161 166 109
e 161 219 102
e 161 245 102
e 161 307 100
e 161 316 92
e 162 191 94
e 162 195 107
e 162 209 109
e 162 271 102
e 162 277 95
e 162 315 92
e 163 176 100
e 163 213 103
e 163 218 93
e 163 222 104
e 163 254 92
e 163 320 108
e 164 190 90
e 164 201 103
e 164 206 91
e 164 246 104
e 164 250 95
e 164 281 100
e 165 195 91
e 165 213 91
e 165 299 98
e 165 305 102
e 165 312 103
e 166 193 101
e 166 234 100
e 166 264 90
e 166 302 94
e 166 304 100
e 166 313 96
e 166 314 100
e 167 181 93
e 167 215 104
e 167 263 103
e 167 317 95
e 168 225 97
e 168 237 100
e 168 243 106
e 168 293 101
e 169 198 98
e 169 222 97
e 169 265 91
e 169 276 94
e 169 286 100
e 169 293 101
e 170 182 91
e 170 199 94
e 170 209 94
e 170 256 87
e 170 262 105
e 170 295 101
e 170 307 99
e 171 195 94
e 171 201 96
e 171 204 106
e 171 214 103
e 171 217 91
e 171 219 101
e 171 273 103
e 171 301 104
e 172 187 102
e 172 199 100
e 172 236 115
e 172 238 96
e 172 298 92
e 172 312 97
e 173 208 98
e 173 227 100
e 173 282 99
e 173 316 104
e 174 181 99
e 174 182 102
e 174 247 110
e 174 268 103
e 174 277 99
e 174 308 95
e 175 190 103
e 175 196 94
e 175 276 99
e 175 281 101
e 175 316 95
e 176 186 94
e 176 226 111
e 176 241 95
e 176 284 97
e 176 307 92
e 177 198 100
e 177 216 95
e 177 224 104
e 177 246 103
e 177 253 97
e 177 314 98
e 177 318 99
e 178 202 106
e 178 214 107
e 178 260 90
e 178 307 105
e 178 312 95
e 179 216 107
e 179 286 101
e 179 289 93
e 179 317 103
e 180 285 100
e 180 290 92
e 180 296 106
e 180 313 97
e 181 209 98
e 181 308 101
e 182 214 105
e 182 219 106
e 182 238 97
e 182 300 99
e 182 311 92
e 183 185 95
e 183 221 94
e 183 261 109
e 183 264 103
e 183 276 98
e 183 284 100
e 183 293 103
e 183 312 96
e 183 320 93
e 184 196 95
e 184 223 107
e 184 244 90
e 184 304 103
e 185 205 97
e 185 225 99
e 185 285 102
e 185 309 99
e 186 317 110
e 187 193 99
e 187 239 103
e 187 276 98
e 187 277 91
e 187 297 97
e 188 217 105
e 188 244 103
e 188 280 109
e 188 320 101
e 189 212 92
e 189 276 105
e 189 283 108
e 189 284 114
e 189 291 96
e 189 298 110
e 189 304 100
e 189 305 105
e 189 306 114
e 190 269 86
e 190 283 95
e 191 211 91
e 191 230 105
e 191 279 102
e 192 226 113
e 192 229 96
e 192 251 98
e 192 316 105
e 193 211 96
e 193 223 98
e 193 238 99
e 193 240 106
e 193 247 91
e 193 272 110
e 194 226 107
e 194 232 99
e 194 266 98
e 194 273 109
e 194 292 103
e 194 315 98
e 195 275 103
e 195 281 94
e 195 298 101
e 195 310 99
e 196 245 99
e 196 246 95
e 196 312 103
e 196 314 99
e 197 218 94
e 197 280 101
e 197 291 101
e 197 298 98
e 198 247 99
e 198 249 91
e 198 300 89
e 199 200 99
e 199 225 97
e 199 238 105
e 199 260 97
e 199 262 91
e 199 263 101
e 199 265 96
e 200 221 104
e 200 267 100
e 200 271 104
e 201 219 106
e 201 226 94
e 201 241 98
e 201 252 94
e 202 248 98
e 202 277 96
e 202 282 98
e 202 301 98
e 203 211 98
e 203 234 102
e 203 242 110
e 203 285 96
e 203 294 99
e 203 302 99
e 204 233 97
e 204 246 100
e 204 258 103
e 204 312 103
e 205 224 93
e 205 233 98
e 205 262 103
e 205 277 94
e 206 229 91
e 206 307 99
e 207 226 101
e 207 248 100
e 207 257 98
e 207 277 97
e 208 218 97
e 208 267 98
e 208 292 100
e 208 310 99
e 208 315 108
e 209 212 99
e 209 219 101
e 209 239 97
e 209 263 103
e 209 265 102
e 209 278 103
e 209 280 95
e 209 288 90
e 209 310 101
e 210 250 103
e 210 273 94
e 211 232 94
e 212 232 98
e 212 254 101
e 213 216 101
e 213 306 95
e 213 317 93
e 214 222 92
e 214 292 98
e 215 261 93
e 215 283 94
e 215 293 97
e 215 294 107
e 216 230 101
e 216 235 100
e 216 254 97
e 216 274 99
e 216 307 91
e 217 218 95
e 217 261 103
e 217 287 105
e 217 297 89
e 217 304 98
e 217 306 99
e 217 310 102
e 218 248 92
e 218 265 93
e 218 282 103
e 218 314 104
e 219 249 102
e 219 251 102
e 219 259 99
e 219 284 106
e 219 311 100
e 219 312 109
e 220 230 96
e 220 276 100
e 220 282 105
e 220 296 103
e 220 297 99
e 220 298 100
e 221 226 100
e 221 228 95
e 221 256 100
e 221 261 83
e 221 276 96
e 222 264 96
e 222 265 103
e 222 277 101
e 222 302 98
e 222 310 102
e 223 250 103
e 223 252 99
e 223 265 105
e 223 289 97
e 223 301 107
e 224 235 111
e 224 280 100
e 224 312 93
e 225 246 99
e 225 263 99
e 225 274 100
e 225 277 101
e 225 284 101
e 226 266 98
e 226 282 93
e 227 236 108
e 227 246 111
e 227 279 104
e 228 244 96
e 228 256 102
e 228 261 97
e 228 276 94
e 228 285 99
e 228 294 99
e 229 243 95
e 229 268 103
e 230 270 95
e 230 296 92
e 230 305 104
e 231 250 93
e 231 280 105
e 231 291 102
e 233 286 99
e 233 301 106
e 233 304 100
e 234 257 103
e 234 260 96
e 235 242 108
e 235 266 97
e 236 300 98
e 237 244 95
e 237 248 99
e 237 265 105
e 237 284 99
e 237 309 107
e 239 316 109
e 240 265 99
e 240 297 93
e 241 262 91
e 241 279 100
e 241 284 103
e 241 293 99
e 241 303 91
e 241 316 101
e 242 256 102
e 242 314 96
e 243 244 103
e 243 251 107
e 243 289 101
e 243 291 102
e 244 285 98
e 245 285 93
e 245 314 95
e 246 279 93
e 246 281 104
e 246 286 93
e 246 292 103
e 247 250 96
e 247 257 100
e 248 274 100
e 248 281 108
e 249 250 103
e 249 256 101
e 249 260 101
e 249 279 91
e 250 283 93
e 251 254 95
e 251 258 99
e 251 296 95
e 252 262 103
e 252 264 100
e 253 259 107
e 253 312 96
e 254 263 82
e 254 280 102
e 254 304 104
e 254 313 104
e 255 258 99
e 255 305 104
e 257 273 104
e 257 281 104
e 258 264 98
e 258 311 100
e 259 274 94
e 259 280 91
e 259 284 107
e 260 263 102
e 260 279 101
e 260 286 112
e 260 310 107
e 260 313 102
e 261 273 95
e 262 301 96
e 262 316 99
e 263 275 100
e 263 284 99
e 263 294 106
e 263 315 95
e 263 319 95
e 264 272 109
e 264 276 105
e 264 310 105
e 265 286 90
e 266 303 100
e 267 293 101
e 267 305 99
e 267 318 96
e 267 319 101
e 268 273 99
e 268 296 105
e 268 297 102
e 268 300 106
e 269 280 96
e 269 282 106
e 269 299 106
e 270 296 103
e 270 320 101
e 271 318 98
e 272 302 103
e 274 277 96
e 274 283 98
e 274 285 96
e 274 312 104
e 277 284 102
e 278 307 97
e 279 297 100
e 279 307 101
e 279 318 94
e 280 310 94
e 280 315 113
e 281 303 99
e 285 288 106
e 285 299 102
e 285 309 88
e 286 288 102
e 287 303 100
e 287 311 95
e 288 298 99
e 289 305 104
e 290 297 100
e 292 304 107
e 293 305 101
e 294 300 96
e 294 302 92
e 294 318 99
e 295 308 95
e 295 310 105
e 295 319 102
e 301 311 105
e 301 319 107
e 301 320 98
e 302 305 100
e 303 319 96
e 304 319 103
e 309 319 102
e 310 311 103
e 311 314 107
e 312 314 98
e 314 315 97