DIMACS2
17 1
 2
 3
 4
 5
 6
 7
 8
 9
 10
 11
 12
 13
 14
 15 16
 17

p edge 320 480
e 1 52 200
e 1 118 202
e 1 171 204
e 1 250 204
e 1 282 202
e 2 260 204
e 3 106 196
e 3 163 202
e 3 261 201
e 4 79 203
e 5 28 204
e 5 64 208
e 5 216 203
e 5 223 202
e 5 271 197
e 5 287 198
e 6 25 187
e 6 35 195
e 6 48 185
e 6 54 194
e 6 129 201
e 6 168 200
e 6 187 200
e 6 269 203
e 7 79 205
e 7 238 206
e 7 308 199
e 8 80 193
e 8 106 192
e 8 206 200
e 9 90 206
e 9 137 197
e 9 174 201
e 9 186 204
e 9 304 192
e 10 244 199
e 11 43 197
e 11 209 194
e 12 35 194
e 12 73 197
e 12 154 204
e 13 167 200
e 14 52 203
e 14 59 206
e 14 63 199
e 14 70 196
e 14 188 197
e 14 201 190
e 15 26 198
e 15 50 197
e 16 39 194
e 17 132 196
e 17 186 196
e 17 202 199
e 18 205 94
e 18 288 99
e 18 291 94
e 19 184 97
e 19 188 102
e 20 143 110
e 20 170 104
e 20 276 99
e 21 204 102
e 21 316 107
e 22 51 91
e 22 150 104
e 22 218 106
e 22 251 108
e 23 290 95
e 24 140 103
e 25 91 102
e 25 200 100
e 26 132 101
e 26 140 97
e 27 130 99
e 27 191 103
e 28 69 95
e 29 201 97
e 30 183 105
e 30 198 101
e 30 264 103
e 30 284 97
e 31 74 98
e 31 98 100
e 32 186 96
e 32 319 96
e 33 99 94
e 33 310 92
e 34 218 108
e 34 221 101
e 35 43 100
e 35 272 107
e 36 53 97
e 36 103 108
e 36 135 94
e 36 149 107
e 36 258 92
e 37 177 97
e 37 295 104
e 38 59 94
e 38 108 103
e 39 114 104
e 39 243 103
e 39 259 101
e 40 108 102
e 40 143 99
e 41 88 98
e 41 151 99
e 41 180 98
e 41 306 103
e 42 51 104
e 43 98 109
e 43 159 93
e 43 316 90
e 44 82 97
e 44 101 100
e 44 202 101
e 45 110 99
e 45 170 96
e 45 228 108
e 46 53 98
e 46 126 98
e 46 185 100
e 46 239 91
e 46 285 105
e 47 69 104
e 47 130 106
e 47 137 110
e 47 188 94
e 49 132 101
e 49 259 97
e 50 100 95
e 51 65 95
e 51 76 98
e 51 113 100
e 51 135 90
e 51 149 93
e 52 106 94
e 52 126 103
e 52 149 107
e 52 194 101
e 52 259 94
e 52 285 97
e 52 320 101
e 54 157 101
e 54 278 104
e 54 311 105
e 55 169 100
e 55 285 96
e 55 304 102
e 56 180 103
e 56 233 92
e 57 97 94
e 57 206 103
e 58 253 93
e 59 178 101
e 59 204 101
e 60 95 102
e 61 151 98
e 61 228 96
e 61 316 104
e 62 77 98
e 62 88 104
e 62 194 94
e 62 270 101
e 62 293 103
e 63 108 98
e 63 162 94
e 64 122 100
e 64 131 97
e 65 206 94
e 65 210 108
e 66 83 97
e 66 109 99
e 66 283 96
e 67 91 101
e 67 121 104
e 67 156 103
e 67 252 100
e 67 275 104
e 68 188 96
e 70 184 96
e 70 185 98
e 70 218 104
e 70 316 90
e 71 160 100
e 71 248 99
e 72 177 100
e 72 248 92
e 73 149 102
e 73 180 97
e 73 263 103
e 74 150 100
e 75 108 96
e 75 138 103
e 75 297 107
e 76 188 103
e 77 94 92
e 77 131 100
e 78 87 103
e 78 234 102
e 78 287 102
e 79 118 98
e 79 225 101
e 79 272 110
e 80 85 98
e 80 143 91
e 81 251 97
e 82 83 108
e 82 133 92
e 82 320 104
e 83 129 101
e 83 249 96
e 84 111 97
e 84 189 102
e 84 261 96
e 85 169 94
e 85 246 102
e 86 174 102
e 87 240 101
e 87 262 84
e 87 264 94
e 89 249 106
e 90 300 99
e 91 100 95
e 91 168 105
e 92 159 98
e 93 97 106
e 93 137 99
e 94 114 106
e 94 139 98
e 94 229 96
e 94 288 99
e 95 146 98
e 95 161 94
e 95 171 108
e 96 98 96
e 96 254 98
e 97 216 99
e 97 218 100
e 97 300 101
e 97 317 104
e 98 173 102
e 98 224 92
e 98 285 110
e 98 310 99
e 99 111 104
e 99 142 99
e 99 149 99
e 99 208 97
e 99 257 95
e 99 272 107
e 99 288 88
e 101 105 99
e 101 158 104
e 101 227 101
e 101 287 103
e 102 280 95
e 102 305 106
e 103 280 112
e 104 236 102
e 104 288 106
e 105 136 105
e 105 281 100
e 106 197 108
e 107 224 95
e 107 245 95
e 107 319 95
e 108 221 95
e 109 145 99
e 109 148 95
e 109 182 95
e 109 213 99
e 109 222 105
e 109 229 100
e 109 295 97
e 110 153 93
e 110 218 100
e 110 261 102
e 111 120 105
e 111 167 95
e 111 208 100
e 111 230 91
e 111 267 107
e 111 273 90
e 111 290 94
e 112 159 98
e 113 197 99
e 114 128 94
e 114 140 98
e 114 151 97
e 114 306 97
e 115 273 100
e 116 227 102
e 116 239 100
e 117 227 110
e 118 143 99
e 119 124 106
e 119 251 97
e 119 260 98
e 120 165 98
e 120 172 101
e 121 169 98
e 121 265 99
e 122 189 99
e 123 167 98
e 123 193 102
e 123 309 101
e 123 316 100
e 124 196 109
e 124 236 93
e 124 237 94
e 124 302 96
e 125 261 97
e 127 187 103
e 127 211 96
e 127 240 101
e 129 147 109
e 130 307 104
e 131 155 98
e 131 247 104
e 132 210 86
e 132 245 98
e 132 311 98
e 133 219 104
e 134 184 99
e 134 291 107
e 135 270 95
e 136 145 106
e 137 150 93
e 137 178 102
e 137 258 83
e 138 242 103
e 139 245 100
e 141 169 100
e 141 303 102
e 143 150 99
e 144 145 105
e 144 183 93
e 144 188 101
e 144 259 97
e 144 268 93
e 144 296 110
e 146 193 113
e 146 241 97
e 146 303 103
e 147 200 100
e 147 272 98
e 147 316 94
e 148 203 98
e 149 281 97
e 150 211 104
e 150 220 105
e 150 277 100
e 151 205 92
e 151 245 92
e 152 230 97
e 152 287 101
e 153 197 97
e 154 254 102
e 154 271 101
e 155 170 104
e 156 235 105
e 156 312 107
e 157 188 103
e 157 232 101
e 158 195 106
e 158 223 98
e 158 229 98
e 158 298 90
e 159 260 94
e 159 281 97
e 159 285 96
e 159 287 103
e 160 274 98
e 160 302 97
e 161 285 92
e 162 180 110
e 162 316 100
e 163 288 101
e 164 189 106
e 164 308 99
e 165 171 90
e 166 204 95
e 167 209 97
e 168 172 99
e 168 281 100
e 169 229 96
e 169 267 92
e 169 302 103
e 171 222 99
e 171 279 94
e 172 195 97
e 173 320 99
e 175 188 103
e 176 179 101
e 176 255 96
e 176 300 97
e 178 285 99
e 180 258 90
e 180 285 100
e 181 236 101
e 183 314 109
e 185 280 95
e 186 193 92
e 186 276 105
e 186 300 103
e 187 255 107
e 187 309 99
e 188 219 103
e 190 253 96
e 190 271 99
e 190 281 93
e 191 207 106
e 191 217 100
e 191 218 99
e 192 236 95
e 192 295 108
e 192 302 99
e 193 288 86
e 193 319 94
e 195 203 106
e 195 241 101
e 199 274 103
e 201 232 98
e 201 266 99
e 202 258 94
e 203 284 100
e 204 244 99
e 205 245 98
e 205 274 99
e 207 302 102
e 212 267 104
e 214 247 108
e 214 301 98
e 215 240 97
e 215 255 101
e 215 315 103
e 216 292 98
e 217 245 94
e 217 258 100
e 217 303 93
e 218 255 98
e 220 239 100
e 222 284 98
e 222 294 105
e 224 233 100
e 224 287 98
e 226 312 101
e 227 233 99
e 229 299 103
e 231 308 97
e 233 314 100
e 234 235 102
e 234 281 100
e 235 315 95
e 236 248 102
e 236 292 101
e 237 318 101
e 239 305 91
e 241 313 112
e 242 288 96
e 245 258 105
e 247 281 96
e 249 261 107
e 252 282 96
e 256 303 98
e 256 311 90
e 259 295 102
e 263 289 105
e 266 294 105
e 266 301 101
e 268 311 93
e 270 275 105
e 276 317 96
e 278 285 102
e 286 287 95
e 288 310 93
e 293 311 88
e 311 315 83