DIMACS2
80 1
 2
 3
 4
 5
 6
 7
 8
 9
 10
 11
 12
 13
 14
 15 16
 17
 18
 19
 20
 21
 22
 23
 24
 25
 26
 27
 28
 29
 30 31
 32
 33
 34
 35
 36
 37
 38
 39
 40
 41
 42
 43
 44
 45 46
 47
 48
 49
 50
 51
 52
 53
 54
 55
 56
 57
 58
 59
 60 61
 62
 63
 64
 65
 66
 67
 68
 69
 70
 71
 72
 73
 74
 75 76
 77
 78
 79
 80

p edge 320 640
e 1 23 293
e 1 26 290
e 1 155 201
e 1 160 205
e 1 172 192
e 1 210 199
e 1 217 200
e 1 246 198
e 1 274 202
e 1 312 201
e 2 36 299
e 2 48 308
e 2 67 307
e 2 119 197
e 2 140 198
e 3 35 301
e 3 64 298
e 3 177 202
e 3 306 195
e 4 96 202
e 5 61 306
e 5 119 207
e 5 151 200
e 5 164 199
e 6 167 194
e 6 180 197
e 7 74 299
e 7 88 207
e 7 233 198
e 7 244 203
e 7 255 196
e 7 256 194
e 7 297 197
e 8 136 192
e 9 150 201
e 10 207 190
e 10 297 195
e 10 320 207
e 11 40 292
e 12 29 300
e 12 148 198
e 12 155 205
e 12 229 208
e 12 292 201
e 13 98 196
e 13 191 208
e 13 226 208
e 14 46 304
e 14 57 295
e 14 91 198
e 14 97 201
e 14 186 202
e 14 228 210
e 14 249 197
e 15 269 198
e 16 27 302
e 16 208 212
e 16 215 204
e 16 256 197
e 17 222 199
e 17 298 202
e 17 316 200
e 18 158 202
e 18 212 207
e 18 261 193
e 19 98 203
e 19 142 192
e 20 147 205
e 21 76 296
e 22 66 293
e 22 151 198
e 22 160 190
e 22 187 194
e 22 296 196
e 22 305 201
e 23 59 305
e 23 162 204
e 23 190 193
e 23 216 203
e 23 277 207
e 24 38 295
e 24 60 301
e 24 61 300
e 24 62 302
e 24 82 191
e 24 100 193
e 24 111 208
e 25 37 309
e 25 174 202
e 25 289 196
e 25 299 206
e 25 310 205
e 26 30 301
e 26 147 203
e 26 177 197
e 26 254 198
e 26 279 198
e 27 45 294
e 27 234 189
e 27 303 201
e 28 165 194
e 28 265 196
e 28 272 202
e 28 278 198
e 29 70 306
e 29 118 196
e 29 179 198
e 29 283 206
e 30 154 204
e 30 178 197
e 30 299 197
e 31 116 196
e 31 165 204
e 32 40 297
e 32 123 201
e 32 133 199
e 32 212 193
e 33 279 202
e 33 280 201
e 34 75 292
e 34 166 201
e 34 293 195
e 35 94 196
e 35 132 201
e 35 168 200
e 36 58 299
e 36 72 300
e 36 138 193
e 36 169 200
e 36 189 200
e 36 217 197
e 36 227 210
e 36 259 198
e 36 271 205
e 36 281 200
e 37 194 194
e 37 248 203
e 38 109 196
e 38 259 204
e 38 306 208
e 39 65 300
e 39 239 206
e 40 252 209
e 40 281 196
e 40 286 193
e 41 49 300
e 41 50 302
e 41 158 198
e 41 284 205
e 42 155 198
e 42 273 203
e 43 281 201
e 44 52 296
e 44 232 198
e 45 59 306
e 45 199 202
e 45 256 189
e 45 300 189
e 46 54 302
e 46 100 192
e 46 208 199
e 47 66 301
e 47 190 206
e 47 233 208
e 49 136 201
e 49 186 192
e 49 247 204
e 49 268 198
e 50 163 197
e 50 181 195
e 51 57 305
e 51 87 202
e 51 99 205
e 51 131 198
e 51 170 200
e 51 181 189
e 52 152 196
e 52 221 197
e 52 318 204
e 52 319 194
e 53 77 299
e 53 228 199
e 53 270 195
e 54 73 295
e 54 95 195
e 55 101 204
e 55 143 196
e 56 207 200
e 57 281 200
e 57 313 194
e 58 261 200
e 59 72 299
e 59 211 198
e 59 258 194
e 60 66 308
e 60 164 194
e 60 263 200
e 61 77 298
e 61 217 197
e 61 299 201
e 61 301 203
e 61 318 198
e 62 176 200
e 62 191 201
e 62 207 197
e 62 284 202
e 62 312 196
e 63 100 195
e 63 115 205
e 63 136 197
e 63 152 199
e 63 198 197
e 63 253 194
e 63 266 204
e 63 294 205
e 64 82 199
e 64 119 201
e 64 258 199
e 64 273 201
e 65 77 310
e 65 117 195
e 65 126 202
e 65 132 195
e 65 240 204
e 65 255 193
e 67 85 196
e 67 107 204
e 67 118 191
e 68 242 199
e 68 264 194
e 68 299 207
e 68 307 199
e 69 189 201
e 69 257 198
e 70 83 199
e 70 87 197
e 70 124 205
e 70 140 212
e 70 154 193
e 70 212 200
e 71 233 194
e 71 303 207
e 72 135 202
e 73 130 198
e 73 150 193
e 73 280 192
e 74 90 198
e 74 258 198
e 74 267 198
e 74 274 203
e 74 317 200
e 75 119 202
e 75 190 197
e 76 105 203
e 76 121 203
e 76 124 196
e 76 150 204
e 76 152 211
e 76 255 203
e 76 308 205
e 77 84 194
e 77 88 201
e 77 148 202
e 78 145 195
e 78 238 192
e 78 244 195
e 78 275 195
e 78 282 204
e 79 130 201
e 79 146 199
e 79 160 202
e 80 111 194
e 80 175 204
e 80 192 216
e 80 234 206
e 81 304 99
e 82 135 104
e 82 202 99
e 83 84 101
e 84 134 96
e 84 222 103
e 85 140 98
e 85 186 103
e 85 218 95
e 86 90 100
e 86 154 99
e 86 229 94
e 87 117 87
e 87 227 100
e 87 242 111
e 87 274 104
e 87 294 109
e 88 174 96
e 88 175 97
e 89 122 97
e 89 165 106
e 89 183 102
e 89 212 95
e 89 217 108
e 89 269 100
e 90 280 100
e 91 246 92
e 91 259 110
e 91 304 90
e 92 158 100
e 93 130 91
e 93 254 102
e 94 191 98
e 95 237 100
e 96 148 99
e 96 173 100
e 96 226 107
e 96 264 101
e 97 121 98
e 97 132 98
e 97 141 95
e 97 320 95
e 98 142 96
e 98 276 97
e 98 288 102
e 99 157 105
e 99 242 91
e 99 244 103
e 100 161 102
e 100 164 98
e 101 128 104
e 101 150 98
e 101 201 97
e 101 221 110
e 102 122 97
e 102 178 99
e 102 202 95
e 103 114 88
e 103 175 102
e 103 259 88
e 103 304 97
e 104 286 106
e 104 291 101
e 104 296 97
e 105 197 91
e 105 225 103
e 105 241 95
e 105 304 97
e 105 320 95
e 106 137 100
e 106 182 104
e 106 221 102
e 106 225 109
e 106 304 99
e 107 305 102
e 108 162 95
e 108 200 104
e 108 205 89
e 109 178 90
e 109 249 110
e 110 115 89
e 110 125 102
e 110 132 99
e 110 147 101
e 110 163 102
e 110 229 98
e 110 263 100
e 110 285 100
e 112 171 107
e 112 318 108
e 113 166 101
e 113 250 106
e 113 251 109
e 113 255 103
e 113 313 105
e 114 192 99
e 114 275 94
e 115 300 98
e 116 264 96
e 117 190 96
e 118 171 102
e 118 281 102
e 118 284 91
e 119 317 104
e 120 124 92
e 120 314 99
e 121 151 101
e 121 214 94
e 121 239 99
e 121 281 100
e 122 153 96
e 122 242 96
e 122 264 99
e 123 127 91
e 123 196 96
e 125 164 97
e 125 207 100
e 125 256 108
e 125 262 101
e 126 196 102
e 126 217 104
e 126 241 92
e 126 266 103
e 126 287 96
e 126 302 98
e 127 150 105
e 127 201 102
e 128 281 99
e 128 293 96
e 129 152 105
e 129 158 100
e 129 287 91
e 130 134 105
e 130 309 105
e 131 151 93
e 131 245 105
e 132 159 106
e 132 199 106
e 133 256 95
e 133 316 89
e 134 164 96
e 134 214 94
e 134 230 95
e 134 251 106
e 134 281 103
e 135 211 101
e 136 193 109
e 136 200 99
e 137 141 102
e 137 216 98
e 137 227 102
e 139 156 100
e 139 167 97
e 140 219 100
e 140 268 104
e 140 274 108
e 140 276 98
e 140 286 103
e 140 294 108
e 140 308 103
e 140 319 101
e 141 170 104
e 141 231 103
e 141 262 100
e 141 314 105
e 142 184 105
e 142 200 99
e 143 196 104
e 143 273 108
e 143 287 105
e 143 310 100
e 144 162 100
e 144 274 106
e 145 220 96
e 145 265 97
e 146 246 98
e 146 307 96
e 147 195 97
e 147 286 107
e 147 298 107
e 148 162 94
e 148 227 94
e 149 205 100
e 149 265 106
e 150 163 102
e 150 182 95
e 150 259 107
e 151 154 101
e 151 176 102
e 151 212 100
e 151 215 110
e 151 238 95
e 152 168 111
e 152 212 98
e 152 314 99
e 152 317 97
e 153 166 100
e 153 319 108
e 155 235 110
e 155 274 97
e 156 189 104
e 157 168 87
e 157 208 96
e 157 251 102
e 157 294 104
e 158 221 106
e 158 263 99
e 159 233 95
e 160 188 98
e 161 288 100
e 162 304 94
e 163 252 106
e 164 186 94
e 164 200 102
e 164 320 102
e 165 187 109
e 166 204 100
e 166 211 104
e 166 233 88
e 166 234 101
e 166 286 102
e 167 204 100
e 167 305 100
e 167 315 107
e 168 310 102
e 169 243 98
e 169 292 102
e 170 172 90
e 170 181 96
e 170 187 96
e 170 210 97
e 170 313 103
e 172 188 99
e 172 234 109
e 172 290 104
e 173 240 97
e 173 308 109
e 174 195 102
e 174 272 102
e 175 203 93
e 176 213 103
e 177 197 104
e 177 242 105
e 179 259 93
e 180 250 106
e 180 258 90
e 180 263 94
e 182 276 107
e 182 291 96
e 183 187 97
e 183 270 97
e 183 308 104
e 184 310 105
e 185 224 99
e 186 198 102
e 186 234 87
e 186 295 98
e 187 264 103
e 188 314 108
e 189 269 107
e 189 276 103
e 189 298 100
e 190 267 101
e 191 233 102
e 191 276 102
e 191 309 101
e 193 232 98
e 193 246 108
e 194 276 106
e 195 264 93
e 197 293 105
e 198 218 101
e 198 221 97
e 200 318 102
e 202 213 97
e 203 218 91
e 203 279 104
e 203 282 98
e 203 312 98
e 206 239 96
e 206 255 97
e 207 252 101
e 208 228 96
e 208 290 95
e 209 219 108
e 209 229 104
e 209 295 103
e 210 231 98
e 210 253 111
e 211 223 91
e 211 308 102
e 211 311 98
e 212 278 108
e 213 275 99
e 213 293 109
e 214 293 90
e 214 306 105
e 215 285 94
e 216 251 92
e 216 286 98
e 217 226 105
e 217 229 97
e 217 256 100
e 217 281 96
e 217 291 105
e 218 220 99
e 219 306 95
e 220 234 102
e 224 243 102
e 224 280 97
e 225 301 99
e 226 229 94
e 226 294 90
e 226 312 104
e 226 315 107
e 227 256 99
e 232 253 102
e 233 298 101
e 233 307 105
e 235 248 102
e 236 274 96
e 237 274 97
e 237 316 100
e 238 277 97
e 241 285 106
e 242 303 95
e 243 254 101
e 243 270 100
e 244 275 101
e 244 292 109
e 245 246 101
e 246 270 89
e 248 252 104
e 248 254 94
e 249 279 105
e 249 308 86
e 250 316 101
e 251 276 98
e 252 269 101
e 254 320 105
e 255 305 96
e 258 276 98
e 260 273 107
e 261 306 91
e 262 269 102
e 262 286 103
e 263 265 109
e 263 317 104
e 266 274 104
e 271 283 99
e 273 274 99
e 273 289 101
e 275 281 102
e 275 283 93
e 276 287 99
e 276 313 108
e 277 303 105
e 278 291 104
e 279 282 95
e 280 309 97
e 292 301 100
e 293 297 99
e 302 308 98
e 309 312 103
e 310 312 103