DIMACS2
17 1
 2
 3
 4
 5
 6
 7
 8
 9
 10
 11
 12
 13
 14
 15 16
 17

p edge 320 1845
e 1 50 188
e 1 51 200
e 1 59 196
e 1 83 199
e 1 127 210
e 1 129 204
e 1 165 208
e 1 189 209
e 1 206 201
e 1 210 202
e 1 254 200
e 2 47 198
e 2 62 200
e 2 79 193
e 2 81 202
e 2 246 203
e 2 264 203
e 3 8 294
e 3 10 295
e 3 20 196
e 3 27 195
e 3 37 195
e 3 43 189
e 3 90 202
e 3 122 195
e 3 162 196
e 3 164 196
e 3 184 195
e 3 199 211
e 3 210 203
e 3 259 205
e 3 320 201
e 4 56 206
e 4 128 194
e 4 175 204
e 4 227 196
e 4 258 212
e 4 285 207
e 4 314 202
e 5 114 201
e 5 145 192
e 5 184 209
e 5 186 198
e 5 192 199
e 5 265 193
e 5 280 195
e 5 308 207
e 6 20 194
e 6 29 201
e 6 54 213
e 6 59 209
e 6 101 199
e 6 126 202
e 6 151 191
e 6 156 206
e 6 208 200
e 6 229 199
e 6 246 187
e 6 259 198
e 6 262 201
e 7 115 206
e 7 147 194
e 7 150 204
e 7 171 193
e 7 214 199
e 7 268 203
e 7 298 195
e 8 48 191
e 8 61 197
e 8 113 214
e 8 140 203
e 8 169 204
e 8 177 206
e 8 193 207
e 8 208 198
e 8 269 203
e 8 295 195
e 9 125 202
e 9 128 203
e 9 137 203
e 9 154 204
e 9 310 206
e 10 104 197
e 10 107 202
e 10 150 200
e 10 156 195
e 10 186 198
e 10 188 199
e 10 240 197
e 10 252 196
e 11 58 188
e 11 84 201
e 11 116 197
e 11 204 199
e 11 210 199
e 11 229 200
e 11 246 200
e 11 259 198
e 11 291 196
e 12 27 197
e 12 31 210
e 12 58 201
e 12 73 201
e 12 91 202
e 12 120 199
e 12 158 204
e 12 177 198
e 12 193 196
e 12 207 200
e 12 209 203
e 12 215 204
e 12 259 197
e 12 268 202
e 12 305 198
e 12 320 207
e 13 18 204
e 13 41 201
e 13 47 194
e 13 250 206
e 13 258 202
e 13 290 202
e 13 293 197
e 13 296 210
e 14 128 201
e 14 130 202
e 14 189 197
e 14 194 205
e 14 198 196
e 14 208 199
e 14 210 199
e 14 252 199
e 14 301 201
e 14 320 202
e 15 29 194
e 15 79 208
e 15 102 196
e 15 110 198
e 15 119 202
e 15 124 205
e 15 125 203
e 15 173 197
e 15 182 202
e 15 189 205
e 15 191 199
e 15 199 202
e 15 211 196
e 15 228 200
e 15 261 192
e 15 300 199
e 16 21 199
e 16 23 200
e 16 53 195
e 16 72 205
e 16 79 201
e 16 81 198
e 16 204 199
e 17 36 202
e 17 81 203
e 17 119 204
e 17 138 200
e 17 187 200
e 17 307 190
e 17 316 199
e 18 70 102
e 18 78 102
e 18 100 92
e 18 133 95
e 18 135 103
e 18 154 99
e 18 197 107
e 18 204 111
e 18 238 100
e 18 264 104
e 18 265 98
e 18 294 100
e 19 57 102
e 19 63 98
e 19 84 91
e 19 102 103
e 19 107 101
e 19 131 99
e 19 168 104
e 19 177 107
e 19 265 106
e 20 43 98
e 20 45 99
e 20 53 102
e 20 105 94
e 20 107 96
e 20 111 99
e 20 123 102
e 20 238 105
e 20 244 94
e 20 270 99
e 20 282 96
e 20 294 94
e 21 23 106
e 21 41 104
e 21 52 106
e 21 92 104
e 21 112 111
e 21 125 95
e 21 196 95
e 21 229 104
e 21 311 101
e 21 319 109
e 22 101 101
e 22 124 99
e 22 194 96
e 22 251 100
e 22 281 99
e 22 296 80
e 22 299 96
e 23 37 94
e 23 69 98
e 23 85 92
e 23 96 92
e 23 119 107
e 23 125 100
e 23 132 105
e 23 146 92
e 23 192 105
e 23 227 99
e 23 233 98
e 23 239 91
e 23 245 98
e 23 258 99
e 23 280 103
e 24 34 101
e 24 66 97
e 24 81 94
e 24 103 105
e 24 104 104
e 24 148 102
e 24 216 98
e 24 234 97
e 24 251 101
e 25 104 96
e 25 151 95
e 25 171 100
e 25 182 97
e 25 216 107
e 25 233 88
e 25 247 104
e 25 318 98
e 26 38 95
e 26 47 100
e 26 64 100
e 26 203 109
e 26 223 97
e 26 226 105
e 26 237 96
e 26 259 97
e 26 278 99
e 27 106 102
e 27 119 96
e 27 123 100
e 27 125 90
e 27 183 95
e 27 248 95
e 27 260 93
e 27 306 96
e 28 33 94
e 28 41 107
e 28 63 112
e 28 99 99
e 28 139 97
e 28 148 97
e 28 168 102
e 28 173 105
e 28 194 102
e 28 221 100
e 28 238 95
e 28 245 93
e 28 264 106
e 28 265 107
e 28 275 103
e 28 278 102
e 28 291 100
e 29 64 97
e 29 108 99
e 29 113 97
e 29 120 104
e 29 133 94
e 29 142 101
e 29 147 105
e 29 152 97
e 29 198 100
e 29 228 99
e 29 234 101
e 29 307 96
e 29 315 96
e 30 33 96
e 30 37 94
e 30 55 102
e 30 113 101
e 30 153 95
e 30 167 104
e 30 188 96
e 30 218 100
e 30 259 105
e 30 265 99
e 30 279 99
e 30 280 98
e 30 286 107
e 30 292 93
e 31 49 100
e 31 52 96
e 31 58 98
e 31 77 102
e 31 95 100
e 31 127 100
e 31 128 104
e 31 179 104
e 31 218 103
e 31 232 99
e 31 250 103
e 31 271 98
e 31 273 99
e 31 281 92
e 31 305 101
e 32 54 101
e 32 61 91
e 32 71 103
e 32 82 97
e 32 98 105
e 32 124 101
e 32 139 99
e 32 153 97
e 32 238 96
e 32 250 96
e 32 265 101
e 32 277 106
e 32 278 100
e 32 281 101
e 32 312 96
e 33 54 106
e 33 62 100
e 33 94 103
e 33 100 104
e 33 115 95
e 33 118 95
e 33 138 107
e 33 146 92
e 33 198 101
e 33 230 107
e 33 238 108
e 33 278 103
e 34 91 102
e 34 117 95
e 34 154 101
e 34 171 100
e 34 191 97
e 34 214 99
e 34 219 89
e 34 250 94
e 34 260 103
e 35 65 103
e 35 67 101
e 35 113 106
e 35 151 92
e 35 200 109
e 36 58 104
e 36 95 99
e 36 176 112
e 36 198 99
e 36 250 101
e 36 258 104
e 36 277 107
e 36 303 101
e 37 57 100
e 37 80 110
e 37 128 95
e 37 157 99
e 37 198 88
e 37 221 99
e 37 248 94
e 37 308 97
e 38 39 101
e 38 44 96
e 38 71 103
e 38 96 103
e 38 99 94
e 38 112 90
e 38 120 106
e 38 161 99
e 38 165 106
e 38 199 110
e 38 219 107
e 38 288 102
e 39 41 105
e 39 60 95
e 39 67 109
e 39 74 109
e 39 113 104
e 39 126 108
e 39 129 97
e 39 157 87
e 39 230 95
e 39 240 107
e 39 277 113
e 39 295 107
e 39 311 95
e 39 315 109
e 40 44 100
e 40 48 94
e 40 80 97
e 40 126 95
e 40 289 108
e 40 290 96
e 40 298 101
e 40 314 101
e 40 317 102
e 41 106 102
e 41 138 94
e 41 142 96
e 41 199 99
e 41 316 104
e 42 59 105
e 42 67 98
e 42 81 102
e 42 93 98
e 42 192 103
e 42 231 107
e 42 234 95
e 42 265 109
e 42 280 95
e 43 91 105
e 43 102 106
e 43 117 93
e 43 175 100
e 43 197 90
e 43 199 102
e 43 216 96
e 43 228 101
e 43 242 105
e 43 244 90
e 43 313 98
e 44 85 104
e 44 109 114
e 44 124 105
e 44 149 104
e 44 243 89
e 44 254 102
e 44 258 108
e 44 275 102
e 44 283 106
e 44 288 94
e 44 297 100
e 45 50 99
e 45 63 97
e 45 101 99
e 45 135 97
e 45 189 94
e 45 196 95
e 45 221 96
e 45 275 98
e 45 282 98
e 45 291 98
e 45 299 105
e 45 315 92
e 46 64 96
e 46 66 98
e 46 152 97
e 46 159 94
e 46 162 93
e 46 174 93
e 46 181 107
e 46 216 100
e 46 222 100
e 46 234 94
e 46 256 99
e 47 160 87
e 47 201 97
e 47 233 111
e 47 318 97
e 48 56 97
e 48 62 92
e 48 68 109
e 48 80 99
e 48 88 97
e 48 96 101
e 48 121 100
e 48 141 92
e 48 204 93
e 49 85 99
e 49 86 94
e 49 131 95
e 49 195 103
e 49 212 103
e 49 214 95
e 49 226 100
e 49 255 95
e 49 257 99
e 49 288 104
e 49 298 100
e 49 311 98
e 50 72 88
e 50 96 98
e 50 154 95
e 50 215 98
e 50 248 105
e 50 304 104
e 51 73 101
e 51 109 93
e 51 168 101
e 51 230 93
e 51 231 100
e 51 236 101
e 51 242 97
e 52 58 94
e 52 79 101
e 52 113 95
e 52 145 105
e 52 146 113
e 52 161 92
e 52 164 90
e 52 179 105
e 52 240 100
e 53 139 95
e 53 159 100
e 53 165 93
e 53 177 110
e 53 183 101
e 53 187 97
e 53 210 100
e 53 216 96
e 53 217 94
e 53 245 98
e 53 254 95
e 53 264 104
e 53 318 102
e 54 91 94
e 54 109 96
e 54 110 91
e 54 152 94
e 54 237 91
e 54 258 103
e 54 269 106
e 55 79 105
e 55 123 95
e 55 185 97
e 55 193 96
e 55 194 103
e 55 202 92
e 55 251 96
e 55 252 99
e 55 269 94
e 56 57 101
e 56 92 94
e 56 103 91
e 56 129 100
e 56 196 103
e 56 219 91
e 56 236 102
e 56 246 101
e 56 306 105
e 57 60 96
e 57 71 102
e 57 119 90
e 57 176 97
e 57 192 102
e 57 235 106
e 57 243 101
e 57 258 98
e 57 267 102
e 58 80 105
e 58 108 97
e 58 119 101
e 58 159 102
e 58 300 109
e 58 317 104
e 59 66 85
e 59 93 104
e 59 145 94
e 59 192 100
e 59 196 96
e 59 217 92
e 59 219 100
e 59 225 96
e 59 275 99
e 59 310 96
e 60 95 95
e 60 99 97
e 60 128 102
e 60 142 96
e 60 160 103
e 60 194 102
e 60 208 97
e 60 228 108
e 60 303 100
e 61 100 107
e 61 111 99
e 61 138 105
e 61 161 100
e 61 194 95
e 62 63 103
e 62 70 102
e 62 83 105
e 62 95 96
e 62 134 107
e 62 150 95
e 62 174 100
e 62 188 98
e 62 226 97
e 62 244 102
e 62 289 111
e 63 66 94
e 63 87 96
e 63 100 104
e 63 102 99
e 63 136 104
e 63 236 111
e 63 238 94
e 63 298 106
e 63 317 100
e 63 318 100
e 64 161 102
e 64 165 98
e 64 222 97
e 64 232 101
e 64 243 98
e 64 254 100
e 64 259 95
e 65 100 97
e 65 101 98
e 65 166 91
e 65 174 104
e 65 193 99
e 65 223 99
e 65 298 106
e 65 318 100
e 66 97 106
e 66 138 96
e 66 148 105
e 66 182 104
e 66 251 91
e 66 317 96
e 66 320 105
e 67 157 105
e 67 170 99
e 67 245 98
e 67 263 96
e 67 275 101
e 67 296 90
e 68 71 95
e 68 82 98
e 68 114 97
e 68 139 96
e 68 141 91
e 68 164 100
e 68 182 108
e 68 194 104
e 68 273 102
e 69 71 100
e 69 113 98
e 69 142 98
e 69 208 105
e 69 236 100
e 69 257 103
e 69 274 96
e 69 288 101
e 69 305 97
e 69 306 101
e 69 309 98
e 70 72 105
e 70 150 96
e 70 165 98
e 70 179 99
e 70 186 105
e 70 221 97
e 70 267 101
e 70 272 85
e 70 293 93
e 70 297 97
e 70 298 103
e 70 304 108
e 71 103 103
e 71 204 104
e 71 211 100
e 71 250 101
e 71 281 92
e 71 311 94
e 72 85 108
e 72 110 96
e 72 222 102
e 72 248 104
e 72 263 101
e 72 267 94
e 72 282 106
e 72 305 99
e 72 319 99
e 73 80 98
e 73 106 107
e 73 155 90
e 73 166 108
e 73 250 100
e 73 276 102
e 73 288 107
e 73 295 90
e 73 314 98
e 74 83 95
e 74 94 102
e 74 129 104
e 74 153 96
e 74 195 99
e 74 202 100
e 74 239 101
e 74 249 103
e 74 310 105
e 75 82 108
e 75 83 95
e 75 99 106
e 75 106 95
e 75 157 95
e 75 160 106
e 75 163 106
e 75 198 89
e 75 225 98
e 75 250 102
e 75 256 98
e 75 289 96
e 75 315 98
e 76 77 93
e 76 95 94
e 76 160 101
e 76 194 99
e 76 198 108
e 76 210 87
e 76 233 105
e 76 279 103
e 76 318 105
e 77 115 102
e 77 132 103
e 77 216 107
e 77 227 105
e 77 228 92
e 77 240 92
e 77 245 102
e 77 268 102
e 77 285 101
e 77 314 102
e 78 136 102
e 78 143 104
e 78 150 96
e 78 169 97
e 78 187 95
e 78 257 103
e 78 288 102
e 79 90 92
e 79 133 94
e 79 168 100
e 79 264 102
e 79 270 99
e 79 291 102
e 79 314 102
e 80 86 95
e 80 133 98
e 80 144 95
e 80 190 104
e 80 277 101
e 80 282 94
e 80 305 98
e 80 317 98
e 81 88 100
e 81 132 101
e 81 138 105
e 81 175 100
e 81 197 98
e 81 227 94
e 81 279 97
e 81 286 98
e 82 157 98
e 82 260 97
e 82 311 108
e 83 87 103
e 83 103 101
e 83 123 100
e 83 133 107
e 83 185 99
e 83 187 103
e 83 202 106
e 83 282 98
e 83 319 108
e 84 96 101
e 84 110 104
e 84 137 106
e 84 163 103
e 84 182 100
e 84 188 97
e 84 191 91
e 84 220 98
e 84 223 96
e 84 258 97
e 84 286 98
e 84 298 95
e 85 143 97
e 85 156 100
e 85 169 104
e 85 186 98
e 85 230 101
e 85 232 106
e 85 238 96
e 86 95 94
e 86 140 98
e 86 141 104
e 86 160 96
e 86 185 91
e 86 198 105
e 86 199 105
e 86 241 105
e 86 294 105
e 86 316 100
e 87 97 102
e 87 98 100
e 87 110 96
e 87 162 96
e 87 172 106
e 87 207 95
e 87 212 98
e 87 226 101
e 87 268 93
e 87 302 98
e 88 106 97
e 88 107 93
e 88 206 104
e 88 239 108
e 88 242 107
e 88 274 94
e 88 275 93
e 89 123 105
e 89 129 97
e 89 135 98
e 89 136 97
e 89 226 93
e 89 228 97
e 89 231 102
e 89 238 97
e 89 312 98
e 90 120 102
e 90 122 102
e 90 124 99
e 90 160 98
e 90 172 93
e 91 95 104
e 91 101 89
e 91 133 103
e 91 233 102
e 91 278 98
e 91 292 104
e 92 97 99
e 92 120 97
e 92 140 109
e 92 215 103
e 92 251 86
e 92 273 91
e 93 156 99
e 93 179 103
e 93 208 95
e 93 211 102
e 93 269 98
e 94 148 104
e 94 160 103
e 94 167 99
e 94 172 93
e 94 199 96
e 94 227 100
e 94 232 99
e 94 263 96
e 94 290 106
e 94 296 101
e 94 300 101
e 95 101 104
e 95 119 104
e 95 139 102
e 95 146 87
e 95 154 98
e 95 162 104
e 95 208 97
e 95 213 104
e 95 313 95
e 96 131 89
e 96 135 89
e 96 205 91
e 96 207 101
e 96 238 100
e 96 264 94
e 96 271 97
e 96 279 100
e 97 103 98
e 97 160 102
e 97 218 104
e 97 238 102
e 97 248 89
e 97 270 104
e 97 287 102
e 97 302 100
e 98 104 102
e 98 139 97
e 98 146 97
e 98 155 102
e 98 209 97
e 98 216 93
e 98 265 100
e 98 298 96
e 98 306 104
e 98 309 91
e 98 312 96
e 99 144 107
e 99 145 100
e 99 280 89
e 99 294 102
e 99 295 99
e 99 302 104
e 99 309 92
e 100 101 105
e 100 177 103
e 100 178 101
e 100 187 99
e 100 244 101
e 100 270 95
e 101 123 98
e 101 169 97
e 101 179 96
e 101 209 100
e 101 231 96
e 101 245 97
e 101 250 98
e 101 279 100
e 101 304 105
e 101 317 103
e 102 104 102
e 102 282 100
e 102 286 104
e 102 293 102
e 103 133 102
e 103 182 101
e 103 212 96
e 103 222 106
e 103 270 100
e 103 276 98
e 103 296 95
e 103 319 102
e 104 112 98
e 104 151 102
e 104 157 94
e 104 231 105
e 104 242 99
e 104 309 93
e 105 107 107
e 105 118 103
e 105 121 100
e 105 122 106
e 105 137 105
e 105 150 95
e 105 175 98
e 105 197 97
e 105 223 100
e 105 248 103
e 105 260 97
e 105 272 99
e 105 282 104
e 106 147 92
e 106 198 104
e 106 292 100
e 106 296 97
e 107 115 97
e 107 117 99
e 107 124 93
e 107 176 83
e 107 227 96
e 107 259 99
e 107 300 101
e 108 123 99
e 108 187 109
e 108 190 99
e 108 274 100
e 108 297 104
e 109 120 102
e 109 178 103
e 109 242 94
e 109 309 98
e 110 122 92
e 110 133 100
e 110 198 113
e 110 200 100
e 110 202 101
e 110 211 101
e 110 217 104
e 110 233 95
e 110 269 108
e 110 301 103
e 110 304 99
e 111 143 98
e 111 147 93
e 111 171 96
e 111 178 104
e 111 194 99
e 111 201 95
e 111 220 91
e 111 229 96
e 111 261 106
e 112 151 100
e 112 174 101
e 112 185 101
e 112 201 100
e 112 230 97
e 112 283 98
e 113 127 101
e 113 139 103
e 113 161 99
e 113 182 95
e 113 192 101
e 113 214 96
e 113 247 100
e 113 252 101
e 113 266 99
e 113 304 98
e 113 316 96
e 114 124 98
e 114 181 96
e 114 201 99
e 114 217 98
e 114 254 108
e 114 261 99
e 114 292 102
e 114 305 104
e 115 155 86
e 115 161 94
e 115 170 103
e 115 197 89
e 115 216 108
e 115 236 96
e 115 263 97
e 115 288 101
e 116 131 87
e 116 136 96
e 116 246 94
e 116 277 99
e 116 315 93
e 117 162 96
e 117 167 105
e 117 169 106
e 117 172 103
e 117 176 92
e 117 177 96
e 117 224 103
e 117 270 92
e 117 278 100
e 117 287 93
e 118 120 106
e 118 123 100
e 118 124 97
e 118 181 102
e 118 184 99
e 118 251 94
e 118 253 100
e 118 255 101
e 118 263 92
e 118 272 103
e 118 297 102
e 118 303 103
e 118 310 94
e 119 126 100
e 119 154 94
e 119 181 104
e 119 185 99
e 119 187 103
e 119 191 102
e 119 235 96
e 119 246 102
e 119 261 101
e 119 271 100
e 119 299 101
e 120 139 101
e 120 231 95
e 120 284 101
e 120 293 105
e 120 314 110
e 121 147 93
e 121 163 93
e 121 194 96
e 121 230 103
e 121 240 109
e 121 254 94
e 121 260 94
e 121 263 95
e 121 308 101
e 122 149 96
e 122 163 93
e 122 184 99
e 122 243 95
e 122 246 108
e 122 269 105
e 123 148 98
e 123 173 98
e 123 188 101
e 123 194 101
e 123 208 97
e 123 231 100
e 123 235 97
e 123 247 98
e 123 291 103
e 123 303 107
e 123 311 95
e 123 313 102
e 124 134 104
e 124 151 92
e 124 194 112
e 124 220 109
e 124 251 97
e 124 263 107
e 125 188 99
e 125 208 109
e 125 234 94
e 125 241 97
e 125 293 94
e 126 149 97
e 126 155 103
e 126 274 98
e 127 128 106
e 127 146 117
e 127 178 90
e 127 229 100
e 127 239 98
e 127 261 98
e 127 265 95
e 128 162 103
e 128 163 98
e 128 184 101
e 128 233 100
e 128 306 103
e 129 157 100
e 129 193 96
e 129 312 99
e 130 162 97
e 130 173 98
e 130 206 114
e 130 252 103
e 130 308 107
e 130 310 103
e 130 316 101
e 131 151 95
e 131 207 105
e 131 240 104
e 131 255 101
e 131 297 106
e 131 300 99
e 132 135 102
e 132 153 102
e 132 170 94
e 132 252 93
e 132 261 103
e 132 265 99
e 132 274 111
e 132 295 105
e 132 297 97
e 132 310 96
e 133 142 99
e 133 184 101
e 133 187 95
e 133 219 100
e 133 239 99
e 133 265 107
e 133 320 101
e 134 142 96
e 134 162 98
e 134 192 106
e 134 212 102
e 134 216 98
e 134 234 94
e 134 255 112
e 134 281 101
e 134 287 102
e 134 290 91
e 134 291 99
e 134 298 99
e 134 299 101
e 135 179 98
e 135 187 98
e 135 202 106
e 135 234 97
e 135 264 106
e 135 275 101
e 135 310 85
e 135 320 97
e 136 140 97
e 136 154 87
e 136 195 93
e 136 301 100
e 136 320 90
e 137 243 102
e 137 259 100
e 137 289 103
e 137 305 101
e 138 148 99
e 138 178 100
e 138 182 99
e 138 232 101
e 138 248 102
e 138 259 107
e 138 276 102
e 138 290 100
e 138 292 101
e 138 311 105
e 139 165 98
e 139 204 101
e 139 244 97
e 139 249 102
e 139 300 108
e 139 303 98
e 139 320 103
e 140 142 107
e 140 164 94
e 140 222 96
e 140 233 93
e 140 249 106
e 140 279 98
e 140 292 95
e 141 184 95
e 141 192 98
e 141 212 109
e 141 216 91
e 141 231 98
e 141 242 103
e 141 273 112
e 141 296 102
e 141 307 103
e 142 188 99
e 142 196 96
e 142 252 94
e 142 255 100
e 142 285 100
e 142 309 93
e 142 316 102
e 143 176 104
e 143 201 95
e 143 210 96
e 143 257 106
e 143 288 97
e 144 207 93
e 144 210 98
e 144 216 101
e 144 240 100
e 144 252 100
e 144 285 104
e 144 314 106
e 145 157 106
e 145 177 97
e 145 194 106
e 145 216 101
e 145 220 103
e 145 255 101
e 145 271 106
e 145 273 94
e 146 178 98
e 146 194 98
e 146 196 109
e 146 216 98
e 146 233 109
e 146 292 97
e 146 310 100
e 147 159 102
e 147 161 92
e 147 164 101
e 147 174 102
e 147 176 100
e 147 205 97
e 147 225 104
e 147 235 102
e 147 256 101
e 147 302 98
e 147 312 103
e 147 315 101
e 148 159 105
e 148 213 102
e 148 231 100
e 148 236 112
e 148 272 102
e 148 314 95
e 148 318 103
e 148 319 101
e 149 155 91
e 149 178 100
e 149 180 105
e 149 187 96
e 149 190 112
e 149 193 94
e 149 234 98
e 149 242 99
e 149 267 92
e 150 163 106
e 150 168 101
e 150 199 97
e 150 232 94
e 150 239 96
e 150 260 104
e 150 283 103
e 150 285 93
e 151 157 105
e 151 171 90
e 151 190 99
e 151 245 101
e 151 249 94
e 151 284 102
e 152 179 104
e 152 188 107
e 152 198 97
e 152 238 79
e 152 298 101
e 152 315 103
e 153 195 95
e 153 223 100
e 153 231 95
e 153 243 101
e 153 267 95
e 153 281 102
e 153 308 93
e 153 320 96
e 154 196 100
e 154 200 99
e 154 231 97
e 154 237 87
e 154 247 92
e 154 254 105
e 154 270 99
e 154 287 104
e 154 288 96
e 155 165 100
e 155 185 116
e 155 212 95
e 155 248 100
e 155 254 108
e 155 275 103
e 155 282 104
e 155 312 101
e 156 157 99
e 156 172 102
e 156 235 106
e 156 251 96
e 156 270 104
e 156 282 90
e 157 186 98
e 157 188 100
e 157 222 105
e 157 245 98
e 157 258 105
e 157 267 98
e 158 179 95
e 158 202 99
e 158 249 100
e 158 257 104
e 158 273 90
e 158 318 98
e 159 164 99
e 159 196 96
e 159 198 98
e 159 212 100
e 159 292 100
e 160 166 105
e 160 172 98
e 160 174 103
e 160 183 102
e 160 207 102
e 160 247 98
e 160 268 98
e 160 275 95
e 160 297 98
e 160 305 99
e 161 167 101
e 161 206 102
e 161 260 95
e 161 263 110
e 161 276 93
e 161 282 95
e 161 311 103
e 161 313 107
e 162 163 95
e 162 244 106
e 162 287 92
e 163 165 95
e 163 168 94
e 163 187 101
e 163 222 98
e 163 223 108
e 163 230 102
e 163 232 102
e 163 237 104
e 163 300 100
e 164 166 99
e 164 187 102
e 164 243 105
e 164 316 100
e 165 174 103
e 165 178 98
e 165 217 96
e 165 234 95
e 165 245 95
e 165 260 104
e 165 304 103
e 165 313 96
e 166 181 96
e 166 197 109
e 166 203 99
e 166 250 95
e 166 292 92
e 166 318 94
e 166 319 101
e 166 320 97
e 167 172 104
e 167 178 93
e 167 206 97
e 167 255 101
e 167 259 86
e 168 209 98
e 168 283 102
e 168 300 91
e 169 206 91
e 169 224 91
e 169 262 102
e 169 280 94
e 169 304 92
e 170 210 101
e 170 235 103
e 170 246 99
e 170 308 113
e 170 318 103
e 171 183 98
e 171 187 96
e 171 189 92
e 171 201 103
e 171 230 95
e 171 247 102
e 171 255 103
e 171 281 109
e 171 286 93
e 172 191 108
e 172 202 106
e 172 213 95
e 172 229 96
e 172 281 98
e 172 290 108
e 173 202 101
e 173 234 91
e 173 262 105
e 173 281 97
e 174 190 98
e 174 208 100
e 174 213 98
e 174 226 103
e 174 229 105
e 174 266 102
e 174 272 100
e 174 317 105
e 175 238 99
e 175 240 98
e 175 244 103
e 175 305 96
e 176 208 95
e 176 219 96
e 176 226 103
e 176 251 102
e 176 263 93
e 176 315 97
e 177 216 98
e 177 283 94
e 177 296 105
e 177 306 108
e 177 310 94
e 178 192 95
e 178 205 101
e 178 207 101
e 178 246 102
e 178 252 102
e 179 188 91
e 179 202 93
e 179 235 103
e 179 282 99
e 179 293 96
e 179 301 104
e 180 246 97
e 180 249 99
e 180 302 102
e 181 251 91
e 182 206 98
e 182 215 96
e 182 256 105
e 182 259 99
e 182 274 104
e 182 299 103
e 182 304 101
e 183 188 92
e 183 194 96
e 183 205 97
e 183 244 101
e 183 259 101
e 183 273 97
e 183 278 95
e 183 306 88
e 183 317 99
e 183 318 93
e 184 231 102
e 184 244 99
e 184 246 90
e 184 278 96
e 184 284 97
e 184 296 97
e 184 305 94
e 185 219 98
e 185 227 96
e 185 271 100
e 185 279 106
e 186 211 89
e 186 223 94
e 186 225 88
e 186 247 102
e 186 279 96
e 186 282 100
e 186 288 105
e 186 320 104
e 187 200 103
e 187 207 93
e 187 250 99
e 187 252 105
e 187 271 95
e 187 280 98
e 187 297 97
e 188 212 97
e 188 259 101
e 188 260 101
e 188 271 96
e 188 309 94
e 189 218 103
e 189 231 105
e 189 233 99
e 189 234 104
e 189 258 101
e 189 271 97
e 189 287 103
e 189 298 102
e 189 310 98
e 190 195 93
e 190 237 99
e 190 254 104
e 190 276 95
e 190 304 99
e 191 225 108
e 191 241 100
e 191 244 108
e 191 278 95
e 192 238 108
e 192 245 95
e 192 246 107
e 192 305 110
e 193 235 103
e 193 239 98
e 193 244 97
e 193 283 102
e 193 298 109
e 194 195 102
e 194 214 101
e 194 224 96
e 194 284 89
e 195 259 114
e 195 283 113
e 195 284 101
e 195 295 97
e 195 319 113
e 196 256 101
e 196 302 101
e 197 209 101
e 197 216 104
e 197 221 95
e 197 232 99
e 197 266 99
e 197 280 104
e 198 212 98
e 198 249 102
e 198 294 99
e 198 303 100
e 199 215 94
e 199 219 96
e 199 311 89
e 200 231 94
e 200 245 101
e 200 246 97
e 200 265 102
e 200 272 93
e 200 283 105
e 200 292 102
e 200 315 102
e 201 214 99
e 201 218 91
e 201 229 96
e 201 262 99
e 201 305 97
e 202 231 99
e 202 273 96
e 202 282 96
e 202 299 96
e 202 302 97
e 202 310 106
e 203 218 98
e 203 234 93
e 203 282 97
e 204 210 102
e 204 215 105
e 204 235 101
e 204 284 94
e 204 311 104
e 205 209 95
e 205 219 94
e 205 224 97
e 205 245 109
e 205 276 98
e 205 277 96
e 205 283 98
e 205 308 102
e 205 313 101
e 205 317 102
e 206 212 106
e 206 225 106
e 207 256 93
e 207 273 106
e 207 299 93
e 208 214 110
e 208 275 111
e 209 218 91
e 209 225 102
e 209 246 102
e 209 264 100
e 209 279 96
e 209 286 100
e 209 298 95
e 209 300 110
e 210 212 107
e 210 220 100
e 210 259 101
e 210 262 100
e 210 304 101
e 211 254 98
e 211 275 99
e 211 310 98
e 212 215 92
e 212 219 95
e 212 224 98
e 212 300 91
e 213 277 102
e 213 318 99
e 213 319 107
e 214 229 99
e 215 248 107
e 215 270 102
e 215 279 99
e 216 277 98
e 216 288 98
e 218 239 100
e 218 245 94
e 218 259 98
e 218 268 99
e 218 286 102
e 218 295 101
e 218 301 101
e 218 304 104
e 219 222 98
e 219 234 96
e 220 225 105
e 220 229 104
e 220 271 105
e 220 287 94
e 220 289 91
e 221 228 99
e 221 258 105
e 221 267 95
e 221 273 98
e 221 312 99
e 222 223 100
e 222 244 97
e 222 248 93
e 222 254 104
e 222 279 97
e 223 235 103
e 223 261 101
e 223 264 102
e 223 290 102
e 223 315 103
e 224 234 99
e 224 265 98
e 225 227 105
e 225 236 97
e 225 294 106
e 225 295 101
e 226 255 91
e 226 293 97
e 226 299 97
e 227 231 94
e 227 296 97
e 228 241 101
e 228 288 90
e 229 251 99
e 229 302 102
e 230 269 98
e 230 287 103
e 230 304 106
e 231 249 102
e 231 282 99
e 231 286 101
e 232 294 107
e 233 260 100
e 233 273 97
e 233 292 100
e 233 298 107
e 233 309 94
e 234 235 110
e 234 252 99
e 234 258 101
e 234 271 117
e 234 296 100
e 235 240 98
e 235 241 97
e 235 289 91
e 236 258 94
e 236 307 93
e 236 312 104
e 237 244 111
e 237 285 93
e 237 286 98
e 237 312 108
e 239 256 105
e 239 276 101
e 239 279 94
e 239 299 99
e 240 290 89
e 240 298 100
e 240 301 96
e 241 252 105
e 241 297 106
e 241 310 104
e 241 313 103
e 242 280 103
e 242 285 100
e 242 303 107
e 242 309 100
e 243 276 94
e 243 282 93
e 244 280 106
e 245 246 94
e 245 275 97
e 245 305 99
e 246 267 104
e 246 307 107
e 247 265 101
e 247 283 96
e 247 299 93
e 247 309 98
e 248 302 98
e 249 274 101
e 249 301 95
e 249 315 99
e 251 257 102
e 251 261 96
e 251 265 100
e 251 287 103
e 251 292 98
e 251 297 101
e 251 304 107
e 252 258 102
e 252 276 102
e 252 285 97
e 252 301 89
e 253 263 104
e 253 269 108
e 253 319 100
e 254 273 98
e 255 286 103
e 255 320 96
e 256 273 101
e 256 307 89
e 257 270 92
e 257 289 97
e 259 264 98
e 259 280 97
e 259 285 96
e 259 310 110
e 260 280 94
e 261 296 101
e 262 263 102
e 262 271 97
e 262 305 101
e 262 314 96
e 263 309 100
e 264 286 102
e 264 289 95
e 264 299 87
e 266 302 109
e 267 285 98
e 267 292 100
e 268 305 94
e 269 281 105
e 269 294 95
e 269 302 100
e 270 295 101
e 270 299 98
e 270 300 105
e 270 319 95
e 271 288 94
e 272 310 98
e 272 313 100
e 275 288 99
e 276 279 92
e 276 315 100
e 277 300 103
e 277 308 97
e 278 302 95
e 278 307 97
e 279 319 102
e 280 284 103
e 280 289 92
e 280 302 104
e 283 311 110
e 283 319 100
e 284 286 100
e 284 317 105
e 286 290 95
e 286 296 100
e 286 309 102
e 287 288 100
e 287 293 99
e 287 316 106
e 288 301 102
e 288 313 95
e 291 298 100
e 293 319 99
e 293 320 95
e 294 299 100
e 295 311 99
e 296 304 94
e 296 310 102
e 297 304 96
e 298 313 100
e 298 315 105
e 301 310 103
e 301 314 98
e 303 305 89
e 305 310 98