DIMACS2
17 1
 2
 3
 4
 5
 6
 7
 8
 9
 10
 11
 12
 13
 14
 15 16
 17

p edge 320 640
e 1 44 197
e 1 68 200
e 1 77 210
e 1 93 199
e 1 131 205
e 1 141 207
e 1 150 196
e 1 217 197
e 1 248 196
e 1 253 201
e 2 3 304
e 2 30 198
e 2 85 196
e 2 155 204
e 2 169 200
e 2 227 192
e 2 243 202
e 2 249 205
e 3 42 198
e 3 122 206
e 3 202 206
e 3 218 201
e 3 235 200
e 3 255 208
e 3 307 199
e 4 110 205
e 4 144 202
e 4 286 194
e 5 42 193
e 5 182 200
e 6 138 204
e 6 158 199
e 6 183 194
e 7 26 199
e 7 197 202
e 8 57 198
e 8 133 209
e 8 274 200
e 9 77 200
e 9 223 213
e 9 256 189
e 10 85 192
e 10 102 201
e 10 193 203
e 10 234 187
e 11 181 205
e 11 185 187
e 12 115 191
e 12 172 190
e 12 233 207
e 12 294 198
e 13 28 204
e 13 32 203
e 13 50 206
e 14 81 193
e 14 306 197
e 15 19 196
e 15 269 192
e 15 272 198
e 15 276 200
e 16 62 194
e 16 85 198
e 16 128 207
e 16 313 194
e 17 110 201
e 17 215 191
e 17 297 201
e 17 309 208
e 18 105 104
e 18 192 99
e 18 195 94
e 19 67 101
e 19 121 100
e 19 192 102
e 19 264 104
e 20 166 101
e 20 210 99
e 21 29 102
e 21 102 96
e 21 241 90
e 22 231 99
e 22 246 105
e 23 55 101
e 23 235 102
e 23 262 99
e 23 302 102
e 24 128 97
e 24 248 98
e 24 307 93
e 25 143 86
e 25 161 86
e 25 252 100
e 26 148 100
e 26 154 102
e 26 196 109
e 27 30 102
e 27 38 100
e 27 74 89
e 27 275 95
e 28 65 110
e 28 164 91
e 28 187 103
e 28 223 103
e 29 274 98
e 29 310 91
e 30 301 102
e 30 304 111
e 31 62 102
e 31 95 92
e 31 98 100
e 31 171 99
e 32 172 107
e 32 196 106
e 32 300 96
e 33 105 91
e 33 146 92
e 33 157 102
e 33 270 103
e 34 72 105
e 34 177 96
e 34 290 104
e 35 221 99
e 35 280 96
e 35 294 97
e 35 316 94
e 36 201 104
e 36 239 97
e 36 274 107
e 37 139 93
e 38 49 109
e 38 164 95
e 38 231 103
e 38 244 100
e 38 271 93
e 39 119 96
e 39 137 99
e 39 198 103
e 39 222 105
e 39 245 94
e 39 287 90
e 40 46 99
e 40 183 110
e 40 273 96
e 40 302 104
e 41 154 101
e 41 263 111
e 42 283 92
e 43 55 99
e 43 75 105
e 43 110 111
e 43 220 104
e 44 109 93
e 44 183 94
e 45 71 97
e 45 108 103
e 45 179 94
e 45 197 98
e 45 292 101
e 46 79 99
e 46 133 103
e 46 240 97
e 46 265 103
e 46 303 101
e 47 48 99
e 47 305 96
e 48 67 104
e 48 103 90
e 48 193 103
e 48 285 100
e 48 315 101
e 49 305 91
e 50 159 96
e 50 209 98
e 50 215 101
e 51 91 95
e 51 296 99
e 52 236 95
e 52 262 93
e 52 285 96
e 53 72 96
e 53 277 103
e 54 133 104
e 54 153 107
e 54 170 96
e 54 189 101
e 54 254 101
e 55 81 101
e 55 119 93
e 55 220 101
e 56 129 104
e 56 168 100
e 56 294 98
e 57 79 102
e 57 154 95
e 57 227 103
e 57 243 96
e 57 256 105
e 58 77 95
e 58 275 102
e 59 86 96
e 59 201 93
e 59 314 101
e 60 197 99
e 60 206 101
e 60 212 99
e 61 240 97
e 62 66 96
e 62 174 97
e 62 257 100
e 62 268 101
e 63 180 94
e 63 185 109
e 64 206 101
e 64 208 94
e 64 246 98
e 65 84 99
e 65 115 103
e 65 148 102
e 65 261 101
e 65 310 94
e 66 102 100
e 66 107 90
e 66 180 101
e 66 189 102
e 67 80 102
e 67 90 101
e 67 108 94
e 67 110 103
e 68 116 95
e 68 118 102
e 68 182 94
e 68 204 103
e 68 211 101
e 68 220 110
e 68 309 98
e 69 297 95
e 69 318 93
e 70 96 89
e 70 129 101
e 71 221 97
e 71 237 96
e 72 133 101
e 72 186 93
e 72 253 96
e 72 257 98
e 73 183 107
e 73 227 96
e 73 242 89
e 74 116 102
e 74 133 95
e 74 137 96
e 74 185 100
e 75 152 98
e 75 184 99
e 75 230 103
e 75 248 100
e 75 305 105
e 75 315 90
e 76 105 112
e 76 115 110
e 76 145 99
e 76 178 98
e 76 293 91
e 77 126 93
e 77 197 104
e 77 198 97
e 77 220 102
e 77 241 101
e 78 273 100
e 79 241 97
e 79 267 102
e 79 319 94
e 80 95 99
e 80 286 96
e 81 182 116
e 81 278 97
e 81 281 101
e 82 181 104
e 82 234 98
e 83 232 99
e 83 248 107
e 83 254 106
e 83 277 107
e 84 85 106
e 84 201 102
e 84 214 94
e 85 203 103
e 86 95 98
e 86 130 102
e 86 205 104
e 86 266 101
e 87 98 104
e 87 134 96
e 87 207 101
e 87 308 103
e 88 108 99
e 88 209 96
e 88 248 98
e 88 250 104
e 89 135 99
e 89 208 99
e 89 255 98
e 90 114 101
e 90 133 102
e 90 171 109
e 90 256 91
e 91 139 99
e 91 163 104
e 91 194 101
e 91 244 104
e 92 95 90
e 92 196 94
e 93 102 102
e 93 118 105
e 93 166 104
e 93 187 102
e 93 242 98
e 93 243 107
e 93 244 106
e 94 143 98
e 94 153 94
e 94 163 100
e 94 263 97
e 94 287 107
e 94 302 93
e 95 196 102
e 95 256 98
e 96 163 101
e 96 233 92
e 96 282 98
e 96 300 101
e 96 302 98
e 97 109 106
e 97 265 106
e 98 258 93
e 99 246 99
e 99 283 93
e 99 291 97
e 100 187 97
e 100 295 96
e 100 302 99
e 100 313 95
e 101 142 86
e 101 193 98
e 102 104 90
e 102 160 104
e 102 229 96
e 103 167 101
e 103 181 109
e 103 226 93
e 103 253 106
e 104 176 96
e 106 133 98
e 106 158 104
e 106 174 99
e 106 221 94
e 107 168 96
e 107 204 96
e 107 234 102
e 107 252 97
e 108 223 102
e 109 121 106
e 109 179 86
e 110 120 97
e 110 163 100
e 110 164 100
e 110 267 102
e 110 291 99
e 111 215 97
e 111 253 109
e 111 285 99
e 112 243 96
e 112 259 96
e 112 270 98
e 113 184 106
e 113 218 100
e 114 115 90
e 114 221 104
e 114 258 105
e 115 169 106
e 115 187 97
e 115 194 100
e 115 207 97
e 115 267 98
e 115 269 102
e 116 144 98
e 116 185 97
e 116 195 107
e 117 203 88
e 117 293 101
e 117 315 98
e 118 277 87
e 118 282 103
e 118 312 100
e 120 125 102
e 120 181 109
e 121 167 108
e 121 188 114
e 122 152 93
e 122 154 106
e 123 128 100
e 124 135 90
e 124 210 98
e 124 235 99
e 125 212 103
e 125 293 100
e 126 132 104
e 127 198 94
e 127 292 102
e 128 219 98
e 128 259 107
e 128 270 92
e 128 309 106
e 129 288 102
e 130 171 110
e 130 212 100
e 130 253 98
e 130 264 101
e 130 294 105
e 130 310 100
e 131 166 96
e 131 189 97
e 131 303 100
e 131 317 96
e 132 156 95
e 132 188 103
e 132 203 101
e 132 224 99
e 133 250 103
e 134 240 97
e 134 243 99
e 134 319 99
e 136 159 98
e 136 249 96
e 137 178 103
e 137 245 105
e 138 155 103
e 138 198 97
e 138 222 105
e 139 225 104
e 140 208 99
e 140 268 92
e 140 287 97
e 140 313 97
e 141 252 108
e 141 290 108
e 142 168 97
e 142 264 107
e 143 302 106
e 144 150 95
e 145 186 108
e 145 256 98
e 146 251 96
e 147 195 96
e 147 197 103
e 147 201 105
e 147 256 105
e 148 216 106
e 148 229 95
e 149 224 100
e 150 167 92
e 150 284 103
e 151 242 103
e 151 248 101
e 151 259 100
e 152 168 106
e 152 186 92
e 152 228 113
e 152 288 99
e 152 310 102
e 153 182 91
e 153 192 100
e 153 207 83
e 153 216 103
e 155 175 95
e 155 237 101
e 155 296 99
e 156 233 100
e 156 317 95
e 157 165 106
e 157 184 104
e 157 197 98
e 158 191 88
e 159 208 95
e 159 286 96
e 161 235 107
e 161 303 98
e 162 265 101
e 162 293 93
e 163 195 107
e 163 246 102
e 163 247 105
e 163 249 105
e 164 188 100
e 164 217 98
e 164 314 101
e 165 177 92
e 165 200 100
e 166 170 105
e 166 205 100
e 168 214 100
e 171 198 94
e 171 206 95
e 172 190 94
e 172 197 100
e 172 231 97
e 172 262 100
e 173 298 97
e 173 304 97
e 174 200 97
e 174 219 90
e 176 243 113
e 176 268 103
e 176 283 98
e 176 314 95
e 177 213 100
e 177 239 93
e 177 270 95
e 177 297 96
e 177 307 104
e 177 313 100
e 178 230 104
e 178 309 106
e 179 201 98
e 179 225 99
e 179 305 109
e 180 290 107
e 181 208 92
e 185 205 97
e 186 202 90
e 186 241 96
e 186 295 101
e 186 299 103
e 187 203 96
e 187 241 102
e 188 317 102
e 188 320 94
e 189 219 102
e 189 272 99
e 191 257 87
e 192 197 94
e 192 232 100
e 192 279 106
e 193 214 99
e 193 289 100
e 193 306 91
e 194 266 96
e 194 285 103
e 195 237 97
e 195 312 90
e 196 216 99
e 196 233 95
e 196 269 101
e 196 271 100
e 196 280 104
e 197 208 97
e 198 226 104
e 198 283 102
e 199 206 99
e 199 240 94
e 199 279 102
e 200 313 102
e 203 246 93
e 203 272 98
e 203 300 97
e 205 295 111
e 206 285 92
e 208 211 100
e 208 283 98
e 208 308 98
e 210 277 107
e 211 312 99
e 211 320 95
e 214 243 93
e 215 283 101
e 216 247 96
e 217 314 99
e 217 317 109
e 218 223 96
e 218 309 98
e 219 231 95
e 220 292 95
e 220 306 98
e 222 273 95
e 224 309 97
e 227 294 101
e 229 302 98
e 230 247 97
e 230 254 93
e 231 285 107
e 232 244 106
e 232 284 102
e 232 319 104
e 234 251 94
e 236 248 110
e 236 271 95
e 236 293 100
e 236 306 101
e 237 302 108
e 238 243 99
e 239 280 98
e 240 259 101
e 241 264 112
e 242 269 105
e 244 289 101
e 245 282 94
e 247 270 100
e 248 251 100
e 250 311 99
e 251 260 107
e 251 263 94
e 253 259 107
e 254 277 92
e 256 270 91
e 257 287 91
e 257 293 102
e 259 293 93
e 260 293 102
e 263 301 102
e 264 289 102
e 264 310 102
e 264 312 97
e 265 290 101
e 265 305 97
e 266 317 99
e 267 275 95
e 268 276 106
e 268 309 93
e 270 281 92
e 270 318 100
e 272 282 101
e 277 294 100
e 277 297 100
e 278 291 98
e 279 296 96
e 283 301 98
e 286 300 102
e 295 311 105
e 300 307 102
e 314 318 103