DIMACS2
10 1 22 33 44 55 66 77 88 99 111
p edge 125 6963
e 2 1 557
e 3 1 515
e 4 1 959
e 4 2 2
e 4 3 3
e 5 1 990
e 5 2 1
e 5 3 2
e 5 4 3
e 6 1 568
e 6 2 1
e 6 3 2
e 6 4 3
e 6 5 2
e 7 1 733
e 7 2 1
e 7 3 2
e 7 4 3
e 7 5 2
e 7 6 1
e 8 1 898
e 8 2 1
e 8 3 3
e 8 4 2
e 8 5 3
e 8 6 3
e 8 7 4
e 9 1 784
e 9 2 2
e 9 3 3
e 9 4 1
e 9 5 2
e 9 6 3
e 9 7 1
e 9 8 3
e 10 1 663
e 10 2 1
e 10 3 2
e 10 4 4
e 10 5 1
e 10 6 4
e 10 7 3
e 10 8 4
e 10 9 2
e 11 1 982
e 11 2 2
e 11 3 2
e 11 4 4
e 11 5 4
e 11 6 1
e 11 7 2
e 11 8 4
e 11 9 1
e 11 10 1
e 12 2 4
e 12 3 4
e 12 4 2
e 12 5 4
e 12 6 4
e 12 7 1
e 12 10 1
e 12 11 2
e 13 1 567
e 13 3 2
e 13 4 2
e 13 5 4
e 13 6 1
e 13 7 4
e 13 8 2
e 13 9 4
e 13 10 2
e 13 11 4
e 13 12 1
e 14 1 800
e 14 2 2
e 14 3 4
e 14 4 1
e 14 5 2
e 14 8 3
e 14 9 2
e 14 10 1
e 14 11 3
e 14 12 1
e 15 1 763
e 15 3 2
e 15 4 2
e 15 5 1
e 15 7 3
e 15 8 1
e 15 9 1
e 15 10 2
e 15 13 2
e 15 14 1
e 16 1 721
e 16 2 2
e 16 4 2
e 16 5 1
e 16 6 4
e 16 7 1
e 16 8 2
e 16 9 3
e 16 10 3
e 16 11 1
e 16 12 3
e 16 13 2
e 16 14 3
e 16 15 4
e 17 1 655
e 17 2 3
e 17 3 4
e 17 4 3
e 17 5 3
e 17 6 3
e 17 7 2
e 17 8 3
e 17 9 2
e 17 10 2
e 17 11 2
e 17 12 3
e 17 13 2
e 17 14 1
e 17 15 4
e 17 16 2
e 18 1 624
e 18 2 4
e 18 3 2
e 18 4 4
e 18 5 2
e 18 6 3
e 18 7 4
e 18 8 3
e 18 9 4
e 18 10 2
e 18 11 4
e 18 12 1
e 18 13 4
e 18 14 1
e 18 15 4
e 18 16 3
e 18 17 4
e 19 1 990
e 19 2 4
e 19 3 4
e 19 4 2
e 19 5 1
e 19 6 3
e 19 7 3
e 19 8 1
e 19 9 4
e 19 10 2
e 19 11 3
e 19 12 3
e 19 13 1
e 19 14 2
e 19 15 2
e 19 16 3
e 19 17 2
e 19 18 1
e 20 1 749
e 20 3 4
e 20 4 2
e 20 6 3
e 20 7 2
e 20 8 4
e 20 9 3
e 20 11 4
e 20 12 2
e 20 13 2
e 20 14 4
e 20 15 1
e 20 16 4
e 20 17 3
e 20 18 3
e 21 1 740
e 21 2 3
e 21 3 3
e 21 4 2
e 21 5 4
e 21 6 2
e 21 7 2
e 21 8 3
e 21 9 4
e 21 10 2
e 21 11 2
e 21 12 4
e 21 13 1
e 21 14 3
e 21 15 1
e 21 17 2
e 21 18 2
e 21 19 1
e 21 20 4
e 22 1 567
e 22 2 550
e 22 6 977
e 22 7 588
e 22 8 997
e 22 9 862
e 22 10 683
e 22 11 587
e 22 12 975
e 22 13 658
e 22 14 582
e 22 15 970
e 22 16 514
e 22 17 915
e 22 18 594
e 22 19 675
e 22 20 642
e 22 21 645
e 23 1 938
e 23 2 4
e 23 3 4
e 23 4 4
e 23 6 1
e 23 7 2
e 23 8 1
e 23 9 1
e 23 10 2
e 23 11 2
e 23 12 4
e 23 13 3
e 23 14 4
e 23 15 4
e 23 17 1
e 23 18 4
e 23 19 2
e 23 20 1
e 23 21 2
e 24 1 680
e 24 2 4
e 24 3 2
e 24 4 3
e 24 5 2
e 24 6 4
e 24 7 4
e 24 8 2
e 24 9 2
e 24 10 1
e 24 11 2
e 24 12 1
e 24 13 4
e 24 14 2
e 24 15 3
e 24 16 4
e 24 17 3
e 24 18 2
e 24 19 1
e 24 20 3
e 24 22 626
e 24 23 3
e 25 1 819
e 25 2 1
e 25 3 2
e 25 5 1
e 25 6 1
e 25 7 3
e 25 8 2
e 25 9 3
e 25 10 4
e 25 11 2
e 25 12 4
e 25 13 2
e 25 14 2
e 25 15 1
e 25 17 2
e 25 18 2
e 25 19 3
e 25 20 1
e 25 22 647
e 25 24 4
e 26 1 540
e 26 2 4
e 26 3 2
e 26 4 4
e 26 5 2
e 26 6 2
e 26 7 1
e 26 8 4
e 26 10 4
e 26 12 3
e 26 13 4
e 26 14 4
e 26 15 4
e 26 16 4
e 26 17 2
e 26 18 3
e 26 19 3
e 26 20 4
e 26 21 2
e 26 22 997
e 26 23 3
e 26 24 4
e 26 25 2
e 27 1 830
e 27 2 2
e 27 3 3
e 27 4 1
e 27 6 2
e 27 7 1
e 27 8 2
e 27 9 4
e 27 10 2
e 27 11 1
e 27 12 4
e 27 13 1
e 27 14 3
e 27 15 4
e 27 16 2
e 27 17 3
e 27 19 2
e 27 20 1
e 27 22 955
e 27 23 3
e 27 24 3
e 27 25 2
e 28 1 955
e 28 2 1
e 28 3 3
e 28 4 3
e 28 6 3
e 28 7 3
e 28 8 1
e 28 9 4
e 28 10 3
e 28 11 2
e 28 12 1
e 28 13 4
e 28 15 1
e 28 16 2
e 28 17 4
e 28 18 3
e 28 19 1
e 28 20 2
e 28 21 1
e 28 22 886
e 28 23 4
e 28 24 1
e 28 26 1
e 28 27 1
e 29 1 808
e 29 2 1
e 29 3 3
e 29 4 2
e 29 5 2
e 29 6 2
e 29 7 1
e 29 8 2
e 29 9 3
e 29 11 1
e 29 12 2
e 29 13 1
e 29 14 3
e 29 15 2
e 29 17 3
e 29 18 1
e 29 19 4
e 29 20 1
e 29 21 2
e 29 22 872
e 29 23 2
e 29 24 4
e 29 25 3
e 29 26 1
e 29 27 1
e 29 28 1
e 30 1 580
e 30 2 4
e 30 3 3
e 30 4 2
e 30 5 4
e 30 6 1
e 30 8 4
e 30 9 1
e 30 10 3
e 30 11 1
e 30 12 4
e 30 13 3
e 30 14 2
e 30 15 1
e 30 16 3
e 30 19 4
e 30 20 2
e 30 22 502
e 30 23 2
e 30 24 3
e 30 25 2
e 30 26 1
e 30 27 1
e 30 28 3
e 30 29 1
e 31 1 765
e 31 2 2
e 31 5 4
e 31 7 4
e 31 8 3
e 31 9 2
e 31 10 2
e 31 11 2
e 31 12 3
e 31 13 1
e 31 14 1
e 31 15 3
e 31 16 4
e 31 17 1
e 31 18 4
e 31 19 1
e 31 20 2
e 31 21 3
e 31 23 3
e 31 24 1
e 31 25 1
e 31 26 4
e 31 29 4
e 31 30 2
e 32 1 699
e 32 2 1
e 32 3 3
e 32 4 2
e 32 5 2
e 32 6 4
e 32 7 4
e 32 8 1
e 32 10 1
e 32 11 1
e 32 12 1
e 32 13 1
e 32 14 4
e 32 16 1
e 32 17 3
e 32 18 3
e 32 19 4
e 32 20 1
e 32 21 3
e 32 22 666
e 32 24 1
e 32 25 3
e 32 26 1
e 32 27 1
e 32 28 4
e 32 29 1
e 32 30 1
e 32 31 1
e 33 1 699
e 33 2 594
e 33 3 880
e 33 4 863
e 33 6 854
e 33 7 582
e 33 8 902
e 33 9 502
e 33 11 641
e 33 13 802
e 33 14 931
e 33 15 557
e 33 16 947
e 33 18 588
e 33 19 748
e 33 20 613
e 33 21 826
e 33 22 613
e 33 23 731
e 33 24 795
e 33 25 832
e 33 26 938
e 33 27 743
e 33 28 537
e 33 29 950
e 33 30 563
e 33 31 863
e 33 32 769
e 34 1 830
e 34 2 3
e 34 5 3
e 34 6 2
e 34 7 3
e 34 8 2
e 34 9 4
e 34 11 2
e 34 12 3
e 34 13 4
e 34 14 3
e 34 15 2
e 34 16 1
e 34 17 1
e 34 18 2
e 34 19 1
e 34 20 4
e 34 21 1
e 34 22 689
e 34 23 1
e 34 24 2
e 34 25 3
e 34 26 4
e 34 27 3
e 34 28 3
e 34 29 4
e 34 30 4
e 34 31 1
e 34 33 720
e 35 1 836
e 35 2 2
e 35 4 4
e 35 5 4
e 35 6 4
e 35 7 3
e 35 8 1
e 35 9 4
e 35 10 2
e 35 11 1
e 35 12 2
e 35 13 1
e 35 15 2
e 35 16 3
e 35 17 1
e 35 18 1
e 35 19 2
e 35 21 2
e 35 22 611
e 35 23 4
e 35 24 4
e 35 26 2
e 35 27 1
e 35 28 4
e 35 29 4
e 35 30 1
e 35 31 1
e 35 32 4
e 35 33 766
e 35 34 4
e 36 1 846
e 36 2 4
e 36 3 1
e 36 4 3
e 36 5 3
e 36 6 4
e 36 7 2
e 36 8 3
e 36 9 2
e 36 10 1
e 36 11 2
e 36 12 2
e 36 13 3
e 36 14 4
e 36 15 4
e 36 16 2
e 36 17 2
e 36 18 4
e 36 19 4
e 36 20 2
e 36 21 2
e 36 22 783
e 36 23 4
e 36 24 3
e 36 25 3
e 36 26 3
e 36 27 1
e 36 28 2
e 36 29 4
e 36 30 2
e 36 31 2
e 36 32 2
e 36 34 3
e 36 35 1
e 37 2 1
e 37 3 1
e 37 4 2
e 37 5 3
e 37 6 3
e 37 7 1
e 37 8 4
e 37 9 4
e 37 10 1
e 37 11 4
e 37 12 4
e 37 13 3
e 37 14 2
e 37 15 1
e 37 16 1
e 37 17 2
e 37 18 3
e 37 19 1
e 37 20 2
e 37 21 4
e 37 23 4
e 37 24 3
e 37 25 1
e 37 27 2
e 37 28 2
e 37 29 1
e 37 30 4
e 37 31 3
e 37 32 1
e 37 33 705
e 37 34 3
e 37 35 4
e 37 36 4
e 38 1 790
e 38 2 2
e 38 3 3
e 38 4 2
e 38 6 1
e 38 7 4
e 38 8 4
e 38 9 2
e 38 10 1
e 38 11 4
e 38 12 2
e 38 13 1
e 38 14 4
e 38 16 3
e 38 17 1
e 38 18 2
e 38 19 2
e 38 20 3
e 38 22 886
e 38 23 3
e 38 24 4
e 38 26 3
e 38 27 4
e 38 29 2
e 38 30 3
e 38 31 2
e 38 32 3
e 38 33 922
e 38 34 3
e 38 35 2
e 38 36 1
e 38 37 4
e 39 1 541
e 39 2 3
e 39 3 1
e 39 4 2
e 39 5 4
e 39 6 1
e 39 7 4
e 39 8 2
e 39 9 3
e 39 10 1
e 39 11 1
e 39 12 3
e 39 13 3
e 39 14 1
e 39 15 3
e 39 16 1
e 39 17 4
e 39 18 2
e 39 19 2
e 39 20 2
e 39 21 1
e 39 22 812
e 39 23 1
e 39 24 1
e 39 25 2
e 39 26 2
e 39 27 4
e 39 28 3
e 39 29 3
e 39 30 2
e 39 31 1
e 39 32 4
e 39 33 958
e 39 34 4
e 39 35 1
e 39 36 4
e 39 37 2
e 39 38 2
e 40 1 566
e 40 2 1
e 40 3 2
e 40 4 2
e 40 5 4
e 40 6 2
e 40 7 2
e 40 9 4
e 40 10 3
e 40 11 4
e 40 12 1
e 40 13 2
e 40 14 2
e 40 15 1
e 40 17 4
e 40 18 3
e 40 19 3
e 40 20 3
e 40 21 4
e 40 22 961
e 40 23 1
e 40 24 2
e 40 25 3
e 40 26 4
e 40 27 4
e 40 28 1
e 40 29 2
e 40 30 1
e 40 31 1
e 40 32 4
e 40 33 848
e 40 34 1
e 40 35 2
e 40 36 1
e 40 38 2
e 40 39 4
e 41 1 717
e 41 2 4
e 41 3 3
e 41 4 2
e 41 5 1
e 41 6 1
e 41 7 3
e 41 8 4
e 41 9 3
e 41 10 4
e 41 11 1
e 41 12 2
e 41 13 1
e 41 14 2
e 41 15 1
e 41 16 4
e 41 17 3
e 41 18 4
e 41 19 2
e 41 20 3
e 41 21 3
e 41 22 857
e 41 24 1
e 41 25 2
e 41 26 1
e 41 27 2
e 41 28 1
e 41 29 4
e 41 30 1
e 41 31 1
e 41 32 1
e 41 33 840
e 41 34 2
e 41 35 1
e 41 36 3
e 41 38 3
e 41 39 4
e 41 40 2
e 42 2 1
e 42 4 1
e 42 5 4
e 42 6 1
e 42 7 4
e 42 8 4
e 42 9 3
e 42 10 4
e 42 11 4
e 42 12 2
e 42 13 3
e 42 15 2
e 42 16 2
e 42 18 1
e 42 19 3
e 42 20 2
e 42 21 3
e 42 22 790
e 42 23 3
e 42 24 4
e 42 26 1
e 42 27 1
e 42 28 1
e 42 29 3
e 42 30 2
e 42 31 4
e 42 32 1
e 42 33 760
e 42 35 3
e 42 36 4
e 42 37 1
e 42 38 4
e 42 39 1
e 42 40 4
e 42 41 2
e 43 1 677
e 43 2 3
e 43 3 1
e 43 4 1
e 43 5 2
e 43 6 2
e 43 7 2
e 43 8 2
e 43 9 1
e 43 10 2
e 43 11 3
e 43 13 2
e 43 14 1
e 43 15 3
e 43 16 1
e 43 18 2
e 43 19 1
e 43 20 1
e 43 21 1
e 43 22 777
e 43 23 1
e 43 24 3
e 43 25 4
e 43 26 4
e 43 27 1
e 43 28 2
e 43 29 3
e 43 30 2
e 43 31 4
e 43 32 1
e 43 33 948
e 43 34 2
e 43 35 4
e 43 36 3
e 43 38 4
e 43 39 1
e 43 40 2
e 43 41 1
e 43 42 4
e 44 1 571
e 44 2 607
e 44 3 848
e 44 4 840
e 44 5 768
e 44 6 926
e 44 7 883
e 44 9 915
e 44 10 853
e 44 11 725
e 44 12 684
e 44 13 526
e 44 14 612
e 44 15 634
e 44 17 543
e 44 18 941
e 44 19 725
e 44 20 718
e 44 21 917
e 44 22 586
e 44 23 973
e 44 24 823
e 44 25 623
e 44 26 696
e 44 28 947
e 44 29 757
e 44 31 633
e 44 32 896
e 44 33 973
e 44 34 618
e 44 35 570
e 44 36 969
e 44 37 564
e 44 38 623
e 44 39 985
e 44 40 595
e 44 41 637
e 44 42 716
e 44 43 913
e 45 1 804
e 45 2 4
e 45 3 1
e 45 4 2
e 45 5 1
e 45 6 3
e 45 7 3
e 45 8 1
e 45 9 1
e 45 10 3
e 45 11 3
e 45 12 2
e 45 13 4
e 45 14 1
e 45 15 2
e 45 16 4
e 45 17 2
e 45 18 4
e 45 19 1
e 45 20 2
e 45 21 1
e 45 22 864
e 45 23 1
e 45 24 2
e 45 25 2
e 45 26 3
e 45 27 3
e 45 28 4
e 45 29 3
e 45 30 2
e 45 31 1
e 45 32 1
e 45 33 697
e 45 34 4
e 45 35 2
e 45 36 4
e 45 37 3
e 45 38 4
e 45 39 2
e 45 40 1
e 45 41 2
e 45 42 3
e 45 43 2
e 45 44 993
e 46 1 922
e 46 2 2
e 46 3 3
e 46 4 2
e 46 5 1
e 46 6 2
e 46 7 1
e 46 8 2
e 46 10 1
e 46 11 3
e 46 12 4
e 46 13 3
e 46 14 4
e 46 15 4
e 46 16 3
e 46 17 2
e 46 18 3
e 46 19 2
e 46 20 2
e 46 21 2
e 46 22 584
e 46 23 4
e 46 24 1
e 46 25 1
e 46 26 3
e 46 27 1
e 46 28 1
e 46 30 3
e 46 31 2
e 46 32 4
e 46 33 664
e 46 34 3
e 46 35 3
e 46 36 1
e 46 37 1
e 46 39 4
e 46 40 4
e 46 41 4
e 46 43 2
e 46 44 554
e 46 45 3
e 47 1 610
e 47 2 4
e 47 3 1
e 47 4 1
e 47 5 1
e 47 6 3
e 47 7 4
e 47 8 4
e 47 9 3
e 47 10 3
e 47 11 1
e 47 12 1
e 47 13 4
e 47 14 1
e 47 15 1
e 47 16 2
e 47 17 2
e 47 18 3
e 47 19 1
e 47 20 2
e 47 21 4
e 47 22 505
e 47 23 4
e 47 24 3
e 47 25 4
e 47 26 2
e 47 27 4
e 47 28 3
e 47 29 3
e 47 30 2
e 47 31 4
e 47 32 3
e 47 33 881
e 47 34 1
e 47 35 2
e 47 36 1
e 47 37 1
e 47 38 4
e 47 39 3
e 47 40 4
e 47 41 1
e 47 42 4
e 47 43 1
e 47 44 533
e 47 45 3
e 48 1 578
e 48 2 1
e 48 3 1
e 48 5 2
e 48 6 2
e 48 7 2
e 48 8 4
e 48 9 1
e 48 10 2
e 48 11 1
e 48 12 2
e 48 14 2
e 48 15 2
e 48 16 4
e 48 17 2
e 48 18 1
e 48 19 2
e 48 20 2
e 48 21 3
e 48 22 670
e 48 23 4
e 48 24 4
e 48 25 4
e 48 26 3
e 48 27 2
e 48 29 4
e 48 30 1
e 48 31 4
e 48 32 3
e 48 33 590
e 48 34 3
e 48 35 2
e 48 36 1
e 48 38 4
e 48 39 4
e 48 40 1
e 48 41 3
e 48 42 2
e 48 43 4
e 48 44 746
e 48 45 3
e 48 46 2
e 48 47 1
e 49 1 902
e 49 2 2
e 49 3 4
e 49 4 1
e 49 5 4
e 49 6 1
e 49 7 2
e 49 8 2
e 49 9 1
e 49 10 1
e 49 11 1
e 49 12 1
e 49 13 3
e 49 14 2
e 49 15 3
e 49 16 2
e 49 17 4
e 49 18 4
e 49 19 4
e 49 20 2
e 49 21 1
e 49 22 905
e 49 23 2
e 49 24 2
e 49 25 1
e 49 26 2
e 49 27 1
e 49 28 3
e 49 29 2
e 49 30 3
e 49 31 2
e 49 32 4
e 49 33 983
e 49 34 2
e 49 35 4
e 49 36 2
e 49 37 4
e 49 38 1
e 49 39 2
e 49 40 4
e 49 42 1
e 49 43 2
e 49 44 565
e 49 45 1
e 49 46 2
e 49 47 1
e 49 48 3
e 50 1 839
e 50 2 2
e 50 3 1
e 50 4 2
e 50 5 2
e 50 6 3
e 50 7 2
e 50 8 2
e 50 9 3
e 50 10 2
e 50 11 1
e 50 12 4
e 50 13 4
e 50 14 2
e 50 15 3
e 50 16 3
e 50 18 1
e 50 19 4
e 50 20 2
e 50 21 2
e 50 22 643
e 50 24 3
e 50 25 4
e 50 26 1
e 50 28 3
e 50 29 1
e 50 31 4
e 50 32 3
e 50 33 884
e 50 34 4
e 50 35 4
e 50 37 1
e 50 38 1
e 50 39 1
e 50 40 3
e 50 41 4
e 50 42 4
e 50 43 3
e 50 44 699
e 50 45 2
e 50 47 2
e 50 48 2
e 50 49 2
e 51 1 788
e 51 2 4
e 51 3 1
e 51 4 2
e 51 5 4
e 51 6 1
e 51 7 3
e 51 8 1
e 51 9 3
e 51 10 4
e 51 12 3
e 51 13 1
e 51 14 3
e 51 16 1
e 51 17 3
e 51 18 2
e 51 19 3
e 51 20 3
e 51 21 4
e 51 22 533
e 51 23 2
e 51 24 3
e 51 25 2
e 51 26 4
e 51 27 1
e 51 28 1
e 51 29 3
e 51 30 4
e 51 31 3
e 51 33 776
e 51 34 2
e 51 35 4
e 51 37 2
e 51 39 4
e 51 40 1
e 51 41 3
e 51 43 1
e 51 44 558
e 51 45 1
e 51 46 2
e 51 47 2
e 51 49 1
e 51 50 2
e 52 1 815
e 52 2 1
e 52 3 1
e 52 4 3
e 52 5 4
e 52 6 2
e 52 7 4
e 52 8 2
e 52 9 3
e 52 10 4
e 52 11 2
e 52 12 2
e 52 13 4
e 52 14 1
e 52 15 4
e 52 16 2
e 52 17 3
e 52 19 3
e 52 20 2
e 52 21 2
e 52 22 943
e 52 23 3
e 52 24 2
e 52 25 3
e 52 27 4
e 52 28 1
e 52 29 3
e 52 30 2
e 52 31 4
e 52 32 2
e 52 33 731
e 52 34 2
e 52 35 2
e 52 36 3
e 52 37 4
e 52 38 4
e 52 39 3
e 52 40 3
e 52 41 1
e 52 42 1
e 52 43 2
e 52 44 664
e 52 45 4
e 52 47 3
e 52 49 3
e 52 50 3
e 52 51 4
e 53 3 2
e 53 4 1
e 53 5 2
e 53 6 1
e 53 7 1
e 53 8 1
e 53 9 1
e 53 10 1
e 53 11 4
e 53 12 1
e 53 13 4
e 53 14 2
e 53 15 3
e 53 17 1
e 53 18 4
e 53 19 1
e 53 20 4
e 53 21 2
e 53 22 579
e 53 23 1
e 53 24 2
e 53 25 1
e 53 26 3
e 53 27 2
e 53 28 2
e 53 30 4
e 53 31 4
e 53 32 2
e 53 33 969
e 53 34 1
e 53 35 3
e 53 36 2
e 53 37 1
e 53 38 1
e 53 39 4
e 53 40 1
e 53 41 2
e 53 42 2
e 53 43 3
e 53 45 1
e 53 46 2
e 53 47 3
e 53 48 3
e 53 49 4
e 53 50 4
e 53 51 3
e 53 52 2
e 54 1 867
e 54 2 4
e 54 3 3
e 54 4 4
e 54 5 2
e 54 6 4
e 54 7 1
e 54 8 3
e 54 9 3
e 54 11 4
e 54 12 3
e 54 13 3
e 54 14 3
e 54 15 3
e 54 16 1
e 54 17 2
e 54 18 3
e 54 19 1
e 54 20 2
e 54 21 3
e 54 22 986
e 54 23 2
e 54 24 2
e 54 25 3
e 54 26 3
e 54 27 2
e 54 28 1
e 54 29 4
e 54 31 4
e 54 32 3
e 54 33 743
e 54 34 3
e 54 35 3
e 54 36 2
e 54 37 1
e 54 38 4
e 54 39 2
e 54 40 3
e 54 41 4
e 54 42 3
e 54 43 3
e 54 44 795
e 54 45 4
e 54 46 3
e 54 47 1
e 54 48 1
e 54 49 3
e 54 50 3
e 54 51 4
e 54 52 3
e 54 53 3
e 55 1 929
e 55 3 839
e 55 4 716
e 55 5 852
e 55 6 850
e 55 7 714
e 55 8 640
e 55 9 529
e 55 10 600
e 55 11 930
e 55 12 962
e 55 13 673
e 55 14 688
e 55 15 731
e 55 16 550
e 55 17 782
e 55 18 838
e 55 19 612
e 55 20 508
e 55 21 548
e 55 22 706
e 55 23 883
e 55 24 709
e 55 25 545
e 55 26 895
e 55 27 980
e 55 28 828
e 55 29 815
e 55 30 607
e 55 31 791
e 55 32 741
e 55 33 870
e 55 34 810
e 55 35 802
e 55 36 588
e 55 37 768
e 55 38 704
e 55 39 779
e 55 40 955
e 55 42 531
e 55 43 814
e 55 44 587
e 55 45 861
e 55 46 907
e 55 47 561
e 55 49 720
e 55 50 879
e 55 51 910
e 55 52 578
e 55 54 761
e 56 4 2
e 56 5 4
e 56 6 4
e 56 7 3
e 56 8 3
e 56 9 3
e 56 10 1
e 56 11 1
e 56 12 2
e 56 13 3
e 56 14 1
e 56 15 2
e 56 16 3
e 56 18 2
e 56 19 2
e 56 20 4
e 56 21 3
e 56 22 738
e 56 23 1
e 56 24 2
e 56 25 2
e 56 27 1
e 56 28 4
e 56 29 3
e 56 30 3
e 56 31 1
e 56 32 3
e 56 33 763
e 56 34 2
e 56 35 2
e 56 37 4
e 56 38 1
e 56 40 1
e 56 41 4
e 56 42 1
e 56 43 3
e 56 45 2
e 56 46 3
e 56 47 2
e 56 48 1
e 56 49 3
e 56 50 4
e 56 51 1
e 56 52 3
e 56 53 4
e 56 54 4
e 57 1 541
e 57 2 4
e 57 4 4
e 57 5 3
e 57 6 4
e 57 7 4
e 57 8 1
e 57 9 2
e 57 10 2
e 57 11 2
e 57 12 1
e 57 13 2
e 57 14 4
e 57 16 2
e 57 17 4
e 57 19 3
e 57 20 2
e 57 22 795
e 57 23 4
e 57 24 3
e 57 25 1
e 57 26 1
e 57 28 1
e 57 29 1
e 57 30 3
e 57 31 3
e 57 32 4
e 57 33 559
e 57 34 3
e 57 35 2
e 57 36 2
e 57 37 4
e 57 38 3
e 57 39 3
e 57 40 4
e 57 41 3
e 57 42 4
e 57 43 1
e 57 45 4
e 57 46 1
e 57 47 1
e 57 50 1
e 57 51 4
e 57 52 3
e 57 54 4
e 57 55 653
e 57 56 2
e 58 1 728
e 58 2 2
e 58 3 4
e 58 4 1
e 58 5 2
e 58 6 1
e 58 9 1
e 58 10 1
e 58 11 1
e 58 12 3
e 58 13 4
e 58 14 2
e 58 15 4
e 58 16 3
e 58 17 3
e 58 18 2
e 58 19 3
e 58 20 3
e 58 21 1
e 58 22 595
e 58 23 4
e 58 24 1
e 58 25 4
e 58 26 4
e 58 27 2
e 58 28 1
e 58 29 3
e 58 30 4
e 58 31 4
e 58 32 4
e 58 33 859
e 58 35 3
e 58 36 1
e 58 37 4
e 58 38 4
e 58 39 4
e 58 40 3
e 58 41 4
e 58 42 1
e 58 43 1
e 58 44 738
e 58 45 2
e 58 46 2
e 58 47 2
e 58 48 4
e 58 49 3
e 58 51 1
e 58 52 2
e 58 53 4
e 58 54 4
e 58 55 879
e 58 56 2
e 58 57 3
e 59 1 504
e 59 2 1
e 59 3 2
e 59 4 2
e 59 5 2
e 59 6 2
e 59 7 4
e 59 8 3
e 59 9 2
e 59 10 1
e 59 12 4
e 59 13 3
e 59 14 1
e 59 15 1
e 59 16 1
e 59 17 1
e 59 18 1
e 59 19 3
e 59 20 3
e 59 21 4
e 59 22 703
e 59 23 1
e 59 24 4
e 59 25 1
e 59 26 3
e 59 27 2
e 59 28 1
e 59 29 1
e 59 30 2
e 59 31 1
e 59 32 4
e 59 33 848
e 59 34 4
e 59 35 2
e 59 36 4
e 59 37 4
e 59 38 1
e 59 40 1
e 59 41 3
e 59 42 3
e 59 43 3
e 59 44 943
e 59 45 3
e 59 46 1
e 59 47 2
e 59 48 1
e 59 50 4
e 59 51 4
e 59 52 1
e 59 53 3
e 59 54 4
e 59 55 536
e 59 56 3
e 59 57 2
e 59 58 4
e 60 1 670
e 60 2 1
e 60 3 3
e 60 4 3
e 60 5 3
e 60 6 3
e 60 7 2
e 60 8 1
e 60 9 2
e 60 10 2
e 60 11 3
e 60 12 3
e 60 13 4
e 60 14 2
e 60 15 1
e 60 16 1
e 60 18 1
e 60 20 4
e 60 21 2
e 60 22 874
e 60 23 2
e 60 24 2
e 60 25 1
e 60 26 2
e 60 27 3
e 60 28 4
e 60 29 1
e 60 30 4
e 60 31 3
e 60 32 2
e 60 33 827
e 60 34 2
e 60 35 1
e 60 37 4
e 60 38 1
e 60 39 1
e 60 40 1
e 60 41 1
e 60 42 4
e 60 43 2
e 60 44 577
e 60 45 4
e 60 46 1
e 60 47 2
e 60 48 1
e 60 49 2
e 60 50 4
e 60 51 1
e 60 52 4
e 60 53 3
e 60 54 2
e 60 55 684
e 60 56 2
e 60 57 1
e 60 58 2
e 60 59 2
e 61 1 596
e 61 2 3
e 61 3 1
e 61 4 2
e 61 5 3
e 61 6 1
e 61 7 1
e 61 8 3
e 61 9 1
e 61 10 1
e 61 11 1
e 61 12 4
e 61 13 4
e 61 14 1
e 61 15 1
e 61 16 4
e 61 17 3
e 61 18 2
e 61 20 4
e 61 21 1
e 61 23 2
e 61 24 2
e 61 25 1
e 61 26 3
e 61 27 4
e 61 28 1
e 61 29 2
e 61 30 2
e 61 31 2
e 61 32 3
e 61 33 780
e 61 34 2
e 61 37 1
e 61 38 3
e 61 39 2
e 61 40 1
e 61 41 1
e 61 43 1
e 61 44 921
e 61 45 3
e 61 46 3
e 61 48 3
e 61 49 1
e 61 50 2
e 61 51 4
e 61 53 2
e 61 54 1
e 61 55 900
e 61 56 4
e 61 57 1
e 61 58 3
e 61 59 2
e 61 60 3
e 62 1 889
e 62 2 1
e 62 3 2
e 62 4 1
e 62 5 2
e 62 6 2
e 62 7 1
e 62 8 1
e 62 9 3
e 62 10 1
e 62 11 3
e 62 12 2
e 62 13 4
e 62 14 1
e 62 15 3
e 62 16 1
e 62 17 4
e 62 19 1
e 62 20 1
e 62 22 763
e 62 23 2
e 62 25 1
e 62 26 1
e 62 28 4
e 62 29 3
e 62 30 2
e 62 31 4
e 62 33 690
e 62 35 1
e 62 36 2
e 62 37 3
e 62 38 4
e 62 39 1
e 62 40 4
e 62 41 3
e 62 42 2
e 62 43 2
e 62 44 884
e 62 45 2
e 62 46 4
e 62 48 3
e 62 49 1
e 62 50 1
e 62 51 3
e 62 52 4
e 62 53 1
e 62 54 3
e 62 55 698
e 62 56 2
e 62 57 4
e 62 58 3
e 62 59 1
e 62 60 2
e 62 61 3
e 63 1 509
e 63 2 2
e 63 3 1
e 63 4 3
e 63 5 2
e 63 6 2
e 63 7 2
e 63 8 4
e 63 9 2
e 63 10 2
e 63 11 1
e 63 12 4
e 63 13 3
e 63 15 2
e 63 16 4
e 63 17 1
e 63 18 3
e 63 19 3
e 63 20 2
e 63 21 3
e 63 22 874
e 63 23 3
e 63 24 2
e 63 26 4
e 63 27 2
e 63 28 4
e 63 29 2
e 63 30 4
e 63 31 3
e 63 33 676
e 63 34 4
e 63 35 3
e 63 36 1
e 63 37 1
e 63 38 2
e 63 39 3
e 63 40 4
e 63 41 2
e 63 43 4
e 63 44 826
e 63 45 3
e 63 46 1
e 63 47 3
e 63 48 2
e 63 49 2
e 63 50 4
e 63 52 1
e 63 53 4
e 63 54 1
e 63 56 3
e 63 57 3
e 63 58 2
e 63 59 2
e 63 60 3
e 63 61 2
e 63 62 1
e 64 1 892
e 64 2 3
e 64 3 3
e 64 4 3
e 64 5 2
e 64 6 4
e 64 7 4
e 64 8 2
e 64 10 1
e 64 11 2
e 64 12 1
e 64 13 4
e 64 15 3
e 64 18 4
e 64 19 1
e 64 20 3
e 64 21 2
e 64 22 852
e 64 23 3
e 64 24 1
e 64 26 2
e 64 27 4
e 64 29 1
e 64 30 1
e 64 31 3
e 64 32 2
e 64 33 643
e 64 35 4
e 64 36 4
e 64 37 3
e 64 38 2
e 64 39 1
e 64 40 2
e 64 41 4
e 64 42 1
e 64 43 1
e 64 44 926
e 64 45 1
e 64 46 2
e 64 47 1
e 64 48 4
e 64 49 3
e 64 50 4
e 64 51 3
e 64 52 4
e 64 53 4
e 64 54 3
e 64 55 853
e 64 56 1
e 64 57 2
e 64 58 1
e 64 59 3
e 64 60 4
e 64 61 2
e 64 62 2
e 64 63 2
e 65 1 905
e 65 2 1
e 65 4 3
e 65 5 1
e 65 7 2
e 65 8 3
e 65 9 4
e 65 10 1
e 65 11 4
e 65 12 4
e 65 14 2
e 65 15 2
e 65 16 1
e 65 17 1
e 65 19 4
e 65 20 3
e 65 21 1
e 65 22 643
e 65 23 2
e 65 24 3
e 65 25 2
e 65 26 1
e 65 27 2
e 65 28 4
e 65 29 3
e 65 30 4
e 65 31 3
e 65 32 1
e 65 33 622
e 65 34 1
e 65 35 3
e 65 36 2
e 65 37 1
e 65 38 2
e 65 39 1
e 65 40 2
e 65 41 1
e 65 42 2
e 65 44 805
e 65 45 3
e 65 46 1
e 65 47 4
e 65 48 1
e 65 49 3
e 65 50 2
e 65 51 4
e 65 52 4
e 65 53 4
e 65 54 3
e 65 55 719
e 65 56 2
e 65 57 3
e 65 58 4
e 65 60 4
e 65 61 3
e 65 62 3
e 65 63 1
e 65 64 3
e 66 1 902
e 66 3 642
e 66 4 667
e 66 5 838
e 66 6 589
e 66 7 827
e 66 8 938
e 66 9 537
e 66 10 643
e 66 11 983
e 66 12 690
e 66 13 981
e 66 14 534
e 66 15 562
e 66 16 793
e 66 17 706
e 66 18 865
e 66 19 660
e 66 20 740
e 66 22 815
e 66 23 504
e 66 24 786
e 66 25 781
e 66 26 715
e 66 27 916
e 66 28 883
e 66 29 794
e 66 30 870
e 66 31 826
e 66 32 918
e 66 33 799
e 66 34 775
e 66 35 809
e 66 36 678
e 66 37 682
e 66 38 500
e 66 39 864
e 66 40 849
e 66 41 852
e 66 42 862
e 66 43 746
e 66 44 990
e 66 45 589
e 66 46 776
e 66 47 630
e 66 48 798
e 66 49 965
e 66 50 835
e 66 51 823
e 66 52 530
e 66 53 953
e 66 54 808
e 66 55 625
e 66 57 675
e 66 58 665
e 66 59 618
e 66 60 870
e 66 62 570
e 66 63 832
e 66 64 998
e 66 65 764
e 67 2 2
e 67 3 1
e 67 4 4
e 67 5 1
e 67 6 2
e 67 7 1
e 67 8 4
e 67 9 2
e 67 10 3
e 67 11 3
e 67 12 3
e 67 13 1
e 67 14 3
e 67 16 1
e 67 17 4
e 67 18 3
e 67 19 4
e 67 20 4
e 67 21 2
e 67 22 644
e 67 23 4
e 67 24 4
e 67 25 4
e 67 26 4
e 67 27 1
e 67 28 3
e 67 29 4
e 67 30 2
e 67 31 2
e 67 33 510
e 67 34 2
e 67 35 3
e 67 36 1
e 67 37 1
e 67 38 1
e 67 39 1
e 67 40 3
e 67 41 1
e 67 42 4
e 67 43 4
e 67 44 914
e 67 45 3
e 67 46 1
e 67 47 3
e 67 48 2
e 67 49 1
e 67 50 4
e 67 51 3
e 67 52 2
e 67 53 3
e 67 54 4
e 67 55 579
e 67 56 3
e 67 57 1
e 67 58 1
e 67 59 4
e 67 60 2
e 67 61 2
e 67 62 1
e 67 63 2
e 67 64 3
e 67 65 1
e 67 66 792
e 68 1 779
e 68 2 3
e 68 3 1
e 68 5 3
e 68 6 2
e 68 7 2
e 68 8 2
e 68 9 1
e 68 10 2
e 68 11 4
e 68 13 2
e 68 14 1
e 68 15 1
e 68 18 2
e 68 19 2
e 68 20 1
e 68 21 3
e 68 22 978
e 68 23 4
e 68 24 1
e 68 25 4
e 68 26 3
e 68 27 3
e 68 28 2
e 68 29 4
e 68 31 4
e 68 33 865
e 68 34 1
e 68 35 4
e 68 36 1
e 68 37 4
e 68 38 3
e 68 39 1
e 68 40 1
e 68 41 4
e 68 42 3
e 68 43 3
e 68 44 811
e 68 45 3
e 68 46 4
e 68 47 3
e 68 48 2
e 68 49 2
e 68 50 4
e 68 51 4
e 68 52 2
e 68 53 2
e 68 54 1
e 68 55 658
e 68 56 2
e 68 57 1
e 68 58 1
e 68 59 1
e 68 60 4
e 68 61 4
e 68 63 4
e 68 64 1
e 68 65 4
e 68 66 901
e 68 67 3
e 69 1 707
e 69 2 2
e 69 3 3
e 69 5 3
e 69 6 1
e 69 7 1
e 69 8 4
e 69 10 4
e 69 11 1
e 69 12 3
e 69 13 2
e 69 14 2
e 69 15 2
e 69 16 1
e 69 17 2
e 69 18 2
e 69 19 3
e 69 20 4
e 69 21 3
e 69 22 636
e 69 24 1
e 69 25 2
e 69 26 4
e 69 27 2
e 69 28 2
e 69 29 3
e 69 30 2
e 69 31 1
e 69 32 1
e 69 33 637
e 69 34 2
e 69 35 4
e 69 36 1
e 69 37 1
e 69 38 4
e 69 39 1
e 69 40 1
e 69 41 3
e 69 42 4
e 69 43 1
e 69 44 521
e 69 45 2
e 69 46 4
e 69 47 4
e 69 48 3
e 69 50 1
e 69 52 1
e 69 53 1
e 69 54 3
e 69 55 871
e 69 56 3
e 69 57 3
e 69 58 2
e 69 59 4
e 69 60 2
e 69 61 3
e 69 62 2
e 69 63 3
e 69 64 1
e 69 65 2
e 69 66 592
e 69 67 1
e 69 68 1
e 70 1 774
e 70 2 3
e 70 3 3
e 70 4 2
e 70 5 4
e 70 7 3
e 70 8 1
e 70 9 4
e 70 10 1
e 70 11 1
e 70 12 4
e 70 13 1
e 70 14 4
e 70 15 1
e 70 16 3
e 70 17 4
e 70 18 3
e 70 19 3
e 70 21 1
e 70 22 996
e 70 24 4
e 70 25 4
e 70 26 3
e 70 27 3
e 70 28 3
e 70 29 2
e 70 30 2
e 70 31 2
e 70 32 3
e 70 33 760
e 70 34 2
e 70 35 4
e 70 36 4
e 70 37 2
e 70 38 4
e 70 39 3
e 70 40 3
e 70 42 3
e 70 44 915
e 70 45 3
e 70 46 3
e 70 47 1
e 70 48 4
e 70 49 4
e 70 50 2
e 70 51 2
e 70 52 4
e 70 53 3
e 70 54 4
e 70 55 782
e 70 56 4
e 70 57 1
e 70 58 3
e 70 59 2
e 70 60 4
e 70 61 3
e 70 62 1
e 70 63 3
e 70 64 2
e 70 65 4
e 70 66 791
e 70 67 3
e 70 68 3
e 70 69 4
e 71 1 627
e 71 2 3
e 71 3 4
e 71 4 4
e 71 5 4
e 71 6 1
e 71 7 2
e 71 8 4
e 71 9 2
e 71 11 2
e 71 12 2
e 71 16 3
e 71 17 3
e 71 18 4
e 71 19 1
e 71 20 2
e 71 22 703
e 71 23 2
e 71 24 1
e 71 25 4
e 71 26 2
e 71 27 3
e 71 28 1
e 71 29 3
e 71 31 4
e 71 32 2
e 71 34 4
e 71 35 3
e 71 37 2
e 71 38 2
e 71 39 1
e 71 40 1
e 71 41 3
e 71 42 3
e 71 44 756
e 71 45 4
e 71 46 4
e 71 47 1
e 71 48 4
e 71 49 2
e 71 50 3
e 71 51 4
e 71 53 4
e 71 54 4
e 71 55 907
e 71 56 1
e 71 57 1
e 71 58 3
e 71 59 4
e 71 60 1
e 71 61 3
e 71 62 3
e 71 63 2
e 71 64 4
e 71 65 2
e 71 66 988
e 71 67 3
e 71 68 1
e 71 69 2
e 71 70 2
e 72 1 634
e 72 2 2
e 72 3 2
e 72 4 1
e 72 5 1
e 72 6 3
e 72 7 2
e 72 8 1
e 72 9 3
e 72 10 1
e 72 11 1
e 72 12 4
e 72 13 2
e 72 14 1
e 72 15 1
e 72 18 3
e 72 19 3
e 72 20 3
e 72 21 4
e 72 22 995
e 72 23 3
e 72 24 4
e 72 25 4
e 72 27 3
e 72 29 1
e 72 30 4
e 72 31 4
e 72 32 4
e 72 33 978
e 72 34 4
e 72 35 2
e 72 36 4
e 72 37 3
e 72 38 3
e 72 39 1
e 72 40 3
e 72 41 4
e 72 42 3
e 72 43 3
e 72 44 740
e 72 45 3
e 72 46 1
e 72 47 1
e 72 48 2
e 72 49 1
e 72 50 2
e 72 51 4
e 72 53 3
e 72 54 4
e 72 55 563
e 72 56 4
e 72 57 1
e 72 58 3
e 72 59 4
e 72 60 4
e 72 61 4
e 72 62 1
e 72 63 1
e 72 64 4
e 72 66 797
e 72 67 2
e 72 68 4
e 72 69 4
e 72 70 4
e 72 71 2
e 73 1 522
e 73 2 4
e 73 3 3
e 73 4 1
e 73 5 2
e 73 6 4
e 73 7 2
e 73 8 4
e 73 9 1
e 73 10 1
e 73 11 3
e 73 12 1
e 73 13 3
e 73 15 1
e 73 16 1
e 73 17 3
e 73 18 2
e 73 19 4
e 73 20 4
e 73 21 2
e 73 22 737
e 73 23 2
e 73 24 3
e 73 25 3
e 73 26 2
e 73 27 1
e 73 28 2
e 73 30 1
e 73 32 4
e 73 33 859
e 73 34 1
e 73 35 2
e 73 37 1
e 73 38 2
e 73 39 3
e 73 41 1
e 73 42 1
e 73 44 927
e 73 45 3
e 73 46 2
e 73 47 3
e 73 48 1
e 73 49 3
e 73 50 1
e 73 52 4
e 73 53 1
e 73 54 3
e 73 55 564
e 73 56 3
e 73 57 4
e 73 58 1
e 73 60 4
e 73 61 2
e 73 62 1
e 73 63 1
e 73 64 1
e 73 65 2
e 73 66 831
e 73 67 2
e 73 69 2
e 73 70 1
e 73 71 3
e 73 72 4
e 74 1 523
e 74 2 4
e 74 3 4
e 74 4 3
e 74 6 2
e 74 7 1
e 74 8 4
e 74 10 1
e 74 11 4
e 74 12 2
e 74 13 2
e 74 14 1
e 74 15 3
e 74 17 2
e 74 18 3
e 74 19 4
e 74 21 1
e 74 22 908
e 74 23 2
e 74 24 4
e 74 25 4
e 74 26 2
e 74 28 3
e 74 29 1
e 74 30 2
e 74 31 2
e 74 32 3
e 74 33 956
e 74 34 4
e 74 35 2
e 74 36 2
e 74 37 2
e 74 38 4
e 74 39 4
e 74 41 1
e 74 42 2
e 74 43 4
e 74 44 503
e 74 45 1
e 74 46 2
e 74 47 4
e 74 48 4
e 74 49 1
e 74 50 2
e 74 52 1
e 74 53 1
e 74 54 1
e 74 56 1
e 74 58 4
e 74 59 3
e 74 60 1
e 74 61 1
e 74 62 3
e 74 64 3
e 74 65 1
e 74 67 1
e 74 68 2
e 74 69 2
e 74 70 3
e 74 71 3
e 74 72 1
e 74 73 3
e 75 1 801
e 75 3 3
e 75 4 2
e 75 5 1
e 75 6 1
e 75 7 3
e 75 8 4
e 75 9 3
e 75 10 3
e 75 11 2
e 75 12 1
e 75 13 1
e 75 14 2
e 75 16 3
e 75 17 1
e 75 18 2
e 75 19 1
e 75 20 2
e 75 21 2
e 75 22 799
e 75 23 2
e 75 24 4
e 75 25 3
e 75 26 3
e 75 27 1
e 75 28 1
e 75 29 1
e 75 30 4
e 75 31 1
e 75 33 747
e 75 35 2
e 75 38 2
e 75 39 2
e 75 41 1
e 75 42 1
e 75 43 3
e 75 44 656
e 75 45 1
e 75 46 1
e 75 47 2
e 75 48 4
e 75 49 3
e 75 50 2
e 75 51 4
e 75 52 1
e 75 53 4
e 75 54 4
e 75 55 991
e 75 56 1
e 75 57 4
e 75 58 3
e 75 60 3
e 75 61 1
e 75 62 1
e 75 63 4
e 75 64 1
e 75 65 3
e 75 66 609
e 75 67 2
e 75 68 4
e 75 69 2
e 75 70 4
e 75 73 2
e 75 74 4
e 76 1 719
e 76 2 2
e 76 3 4
e 76 5 2
e 76 6 3
e 76 7 3
e 76 8 1
e 76 9 1
e 76 10 2
e 76 11 4
e 76 13 3
e 76 14 1
e 76 15 3
e 76 17 4
e 76 18 1
e 76 19 1
e 76 20 1
e 76 21 4
e 76 22 520
e 76 23 4
e 76 24 3
e 76 25 2
e 76 26 2
e 76 27 1
e 76 30 3
e 76 32 1
e 76 33 502
e 76 34 4
e 76 36 1
e 76 37 3
e 76 40 4
e 76 41 2
e 76 42 2
e 76 43 4
e 76 44 896
e 76 46 2
e 76 47 1
e 76 48 4
e 76 49 2
e 76 51 4
e 76 52 2
e 76 54 2
e 76 55 903
e 76 56 4
e 76 57 4
e 76 58 3
e 76 59 3
e 76 60 3
e 76 61 1
e 76 62 2
e 76 63 2
e 76 64 4
e 76 65 1
e 76 66 689
e 76 67 3
e 76 68 3
e 76 69 1
e 76 70 3
e 76 71 2
e 76 73 1
e 76 74 2
e 77 1 991
e 77 2 923
e 77 3 759
e 77 5 547
e 77 6 525
e 77 7 623
e 77 8 591
e 77 9 674
e 77 10 897
e 77 11 866
e 77 12 652
e 77 13 831
e 77 14 579
e 77 16 938
e 77 17 538
e 77 18 654
e 77 19 640
e 77 20 503
e 77 21 629
e 77 22 915
e 77 23 959
e 77 24 659
e 77 25 695
e 77 26 574
e 77 27 950
e 77 28 977
e 77 29 874
e 77 30 753
e 77 31 717
e 77 32 503
e 77 34 542
e 77 35 979
e 77 36 822
e 77 37 518
e 77 38 773
e 77 40 590
e 77 41 980
e 77 42 675
e 77 43 698
e 77 44 573
e 77 45 905
e 77 46 805
e 77 47 796
e 77 48 896
e 77 49 740
e 77 50 798
e 77 51 876
e 77 52 890
e 77 53 681
e 77 54 881
e 77 55 578
e 77 56 602
e 77 57 624
e 77 58 973
e 77 59 571
e 77 60 670
e 77 61 832
e 77 62 540
e 77 64 893
e 77 65 828
e 77 66 880
e 77 67 636
e 77 68 625
e 77 69 942
e 77 70 701
e 77 71 765
e 77 72 730
e 77 73 642
e 77 74 699
e 77 75 699
e 77 76 612
e 78 1 951
e 78 2 2
e 78 3 4
e 78 4 3
e 78 5 3
e 78 8 1
e 78 9 1
e 78 10 2
e 78 11 4
e 78 14 2
e 78 15 1
e 78 16 2
e 78 17 1
e 78 18 1
e 78 19 2
e 78 20 2
e 78 22 587
e 78 23 4
e 78 26 1
e 78 27 3
e 78 28 3
e 78 30 1
e 78 31 2
e 78 32 1
e 78 33 520
e 78 34 3
e 78 35 2
e 78 37 3
e 78 38 2
e 78 39 1
e 78 40 2
e 78 41 1
e 78 42 4
e 78 43 4
e 78 44 819
e 78 45 3
e 78 46 2
e 78 47 3
e 78 48 3
e 78 49 3
e 78 50 1
e 78 51 1
e 78 52 3
e 78 53 3
e 78 54 2
e 78 55 793
e 78 56 2
e 78 57 3
e 78 58 2
e 78 59 3
e 78 60 4
e 78 61 1
e 78 62 3
e 78 63 2
e 78 64 4
e 78 65 3
e 78 66 619
e 78 67 4
e 78 69 3
e 78 70 1
e 78 71 3
e 78 72 3
e 78 73 1
e 78 74 4
e 78 75 3
e 78 76 3
e 78 77 652
e 79 1 903
e 79 2 1
e 79 3 2
e 79 4 3
e 79 5 4
e 79 6 3
e 79 7 4
e 79 8 2
e 79 9 1
e 79 10 1
e 79 11 4
e 79 12 4
e 79 13 1
e 79 14 2
e 79 16 3
e 79 17 1
e 79 18 2
e 79 19 3
e 79 20 1
e 79 21 1
e 79 22 808
e 79 23 4
e 79 24 3
e 79 25 4
e 79 27 4
e 79 29 2
e 79 30 1
e 79 31 2
e 79 32 2
e 79 33 664
e 79 34 3
e 79 37 2
e 79 38 4
e 79 39 1
e 79 40 1
e 79 41 4
e 79 42 2
e 79 43 2
e 79 44 592
e 79 45 1
e 79 46 2
e 79 47 2
e 79 48 3
e 79 49 1
e 79 51 1
e 79 52 2
e 79 53 2
e 79 54 3
e 79 55 782
e 79 56 1
e 79 57 1
e 79 58 2
e 79 59 3
e 79 60 4
e 79 62 1
e 79 64 1
e 79 65 1
e 79 66 520
e 79 67 3
e 79 68 4
e 79 69 3
e 79 70 4
e 79 71 3
e 79 72 1
e 79 74 2
e 79 76 2
e 79 77 740
e 79 78 1
e 80 1 512
e 80 2 3
e 80 4 1
e 80 5 1
e 80 6 2
e 80 7 1
e 80 8 1
e 80 9 2
e 80 10 4
e 80 11 3
e 80 12 1
e 80 13 2
e 80 14 2
e 80 15 2
e 80 17 1
e 80 18 2
e 80 19 4
e 80 20 2
e 80 21 1
e 80 22 771
e 80 23 3
e 80 24 2
e 80 25 2
e 80 26 1
e 80 27 4
e 80 28 1
e 80 29 4
e 80 30 2
e 80 31 2
e 80 32 3
e 80 33 756
e 80 34 1
e 80 35 3
e 80 36 2
e 80 37 3
e 80 38 3
e 80 39 3
e 80 40 4
e 80 41 3
e 80 42 4
e 80 43 3
e 80 44 714
e 80 45 4
e 80 46 2
e 80 47 3
e 80 48 2
e 80 49 1
e 80 50 3
e 80 51 2
e 80 52 1
e 80 53 2
e 80 54 1
e 80 55 835
e 80 56 3
e 80 57 1
e 80 59 2
e 80 60 3
e 80 62 3
e 80 63 3
e 80 65 2
e 80 66 734
e 80 67 4
e 80 68 1
e 80 69 2
e 80 70 4
e 80 71 1
e 80 72 4
e 80 73 1
e 80 74 3
e 80 75 4
e 80 77 690
e 80 78 1
e 80 79 3
e 81 1 570
e 81 2 1
e 81 3 3
e 81 4 4
e 81 5 4
e 81 6 1
e 81 8 2
e 81 9 4
e 81 10 4
e 81 11 2
e 81 12 1
e 81 13 2
e 81 14 2
e 81 15 1
e 81 16 4
e 81 17 3
e 81 18 3
e 81 19 1
e 81 20 4
e 81 21 1
e 81 22 900
e 81 23 4
e 81 24 4
e 81 25 3
e 81 26 2
e 81 27 4
e 81 28 1
e 81 29 2
e 81 30 2
e 81 31 4
e 81 32 1
e 81 33 528
e 81 34 1
e 81 37 4
e 81 38 1
e 81 39 4
e 81 40 4
e 81 41 1
e 81 43 1
e 81 44 919
e 81 46 2
e 81 47 4
e 81 48 4
e 81 49 3
e 81 50 2
e 81 52 1
e 81 54 2
e 81 56 1
e 81 57 1
e 81 58 4
e 81 59 1
e 81 60 4
e 81 61 1
e 81 62 3
e 81 63 1
e 81 64 2
e 81 66 515
e 81 67 1
e 81 69 1
e 81 70 2
e 81 71 2
e 81 72 3
e 81 73 3
e 81 74 4
e 81 76 2
e 81 77 679
e 81 78 3
e 81 79 2
e 81 80 2
e 82 1 596
e 82 2 3
e 82 3 3
e 82 4 1
e 82 5 4
e 82 6 2
e 82 7 4
e 82 8 4
e 82 9 4
e 82 10 4
e 82 11 1
e 82 12 3
e 82 13 4
e 82 14 2
e 82 15 2
e 82 16 3
e 82 17 2
e 82 18 1
e 82 19 2
e 82 20 1
e 82 21 2
e 82 22 915
e 82 23 3
e 82 24 3
e 82 25 1
e 82 26 2
e 82 27 4
e 82 28 3
e 82 29 4
e 82 30 3
e 82 31 2
e 82 33 683
e 82 34 4
e 82 35 4
e 82 36 3
e 82 37 1
e 82 38 1
e 82 40 2
e 82 41 1
e 82 43 1
e 82 44 997
e 82 45 2
e 82 46 1
e 82 48 1
e 82 49 2
e 82 51 1
e 82 52 2
e 82 53 4
e 82 54 3
e 82 55 602
e 82 56 1
e 82 57 3
e 82 58 1
e 82 59 2
e 82 60 2
e 82 61 3
e 82 62 4
e 82 63 4
e 82 64 2
e 82 65 1
e 82 66 503
e 82 67 1
e 82 68 4
e 82 69 1
e 82 70 3
e 82 71 1
e 82 72 4
e 82 74 2
e 82 75 2
e 82 76 4
e 82 77 930
e 82 78 4
e 82 79 3
e 82 80 2
e 82 81 4
e 83 1 530
e 83 2 3
e 83 5 1
e 83 7 4
e 83 8 3
e 83 9 3
e 83 11 2
e 83 12 2
e 83 13 4
e 83 14 4
e 83 15 2
e 83 16 2
e 83 18 1
e 83 20 2
e 83 21 3
e 83 22 732
e 83 23 1
e 83 25 2
e 83 27 4
e 83 28 1
e 83 29 1
e 83 30 2
e 83 31 3
e 83 32 3
e 83 33 995
e 83 34 1
e 83 35 4
e 83 36 3
e 83 37 1
e 83 38 3
e 83 39 1
e 83 40 3
e 83 41 1
e 83 43 3
e 83 44 961
e 83 45 1
e 83 48 4
e 83 49 2
e 83 50 2
e 83 51 1
e 83 52 2
e 83 53 4
e 83 54 4
e 83 56 1
e 83 57 4
e 83 58 4
e 83 59 3
e 83 60 4
e 83 62 2
e 83 63 2
e 83 64 2
e 83 65 4
e 83 66 918
e 83 67 1
e 83 68 4
e 83 70 1
e 83 71 3
e 83 72 4
e 83 73 3
e 83 74 4
e 83 75 1
e 83 77 904
e 83 78 4
e 83 79 3
e 83 80 4
e 83 81 4
e 83 82 1
e 84 1 997
e 84 2 1
e 84 3 2
e 84 4 4
e 84 6 2
e 84 7 3
e 84 8 4
e 84 9 2
e 84 10 4
e 84 11 2
e 84 14 2
e 84 15 2
e 84 16 1
e 84 17 4
e 84 18 1
e 84 19 1
e 84 20 1
e 84 21 4
e 84 22 989
e 84 23 3
e 84 24 4
e 84 25 1
e 84 26 2
e 84 27 3
e 84 28 2
e 84 29 4
e 84 30 4
e 84 31 1
e 84 32 3
e 84 33 835
e 84 34 2
e 84 35 2
e 84 36 2
e 84 37 4
e 84 38 1
e 84 40 4
e 84 41 4
e 84 42 2
e 84 43 1
e 84 44 541
e 84 45 3
e 84 46 1
e 84 48 1
e 84 49 3
e 84 50 1
e 84 51 2
e 84 52 2
e 84 54 2
e 84 55 702
e 84 57 4
e 84 58 3
e 84 59 2
e 84 60 1
e 84 61 2
e 84 62 1
e 84 63 4
e 84 65 3
e 84 66 806
e 84 67 2
e 84 68 3
e 84 69 4
e 84 71 1
e 84 72 1
e 84 73 2
e 84 74 1
e 84 75 3
e 84 76 2
e 84 77 817
e 84 78 4
e 84 79 4
e 84 80 1
e 84 82 2
e 84 83 3
e 85 1 939
e 85 2 3
e 85 3 4
e 85 5 2
e 85 6 4
e 85 7 2
e 85 8 4
e 85 9 2
e 85 10 1
e 85 11 1
e 85 12 1
e 85 13 3
e 85 14 1
e 85 15 2
e 85 16 1
e 85 17 1
e 85 18 1
e 85 19 3
e 85 20 2
e 85 22 812
e 85 23 2
e 85 24 4
e 85 25 4
e 85 26 1
e 85 27 2
e 85 29 1
e 85 30 1
e 85 31 3
e 85 32 1
e 85 33 941
e 85 34 1
e 85 35 3
e 85 37 2
e 85 38 3
e 85 39 3
e 85 41 2
e 85 42 4
e 85 43 1
e 85 44 724
e 85 45 3
e 85 46 2
e 85 47 2
e 85 48 2
e 85 49 4
e 85 50 2
e 85 51 1
e 85 52 2
e 85 53 4
e 85 54 2
e 85 55 966
e 85 56 2
e 85 57 2
e 85 58 3
e 85 59 1
e 85 60 4
e 85 61 2
e 85 62 3
e 85 63 1
e 85 65 4
e 85 66 964
e 85 67 1
e 85 68 1
e 85 70 4
e 85 71 3
e 85 72 3
e 85 73 2
e 85 74 2
e 85 75 4
e 85 76 1
e 85 77 948
e 85 78 4
e 85 79 3
e 85 80 4
e 85 81 1
e 85 82 3
e 85 83 2
e 85 84 2
e 86 1 810
e 86 2 1
e 86 3 3
e 86 4 1
e 86 5 2
e 86 6 3
e 86 8 4
e 86 9 3
e 86 10 2
e 86 12 3
e 86 13 2
e 86 14 2
e 86 15 3
e 86 16 3
e 86 17 1
e 86 18 4
e 86 19 3
e 86 20 4
e 86 22 638
e 86 23 2
e 86 24 2
e 86 25 1
e 86 26 4
e 86 27 1
e 86 28 2
e 86 29 2
e 86 30 4
e 86 31 1
e 86 32 2
e 86 34 4
e 86 35 4
e 86 36 4
e 86 37 4
e 86 38 2
e 86 39 4
e 86 40 2
e 86 41 1
e 86 42 3
e 86 43 2
e 86 44 869
e 86 45 3
e 86 46 2
e 86 47 1
e 86 48 2
e 86 49 1
e 86 50 4
e 86 51 2
e 86 52 4
e 86 53 1
e 86 54 2
e 86 55 836
e 86 56 4
e 86 57 3
e 86 58 1
e 86 59 2
e 86 60 3
e 86 61 1
e 86 62 4
e 86 63 4
e 86 65 2
e 86 66 574
e 86 67 4
e 86 68 1
e 86 69 3
e 86 70 2
e 86 71 1
e 86 72 4
e 86 74 2
e 86 75 3
e 86 76 2
e 86 77 962
e 86 78 4
e 86 79 2
e 86 80 3
e 86 81 1
e 86 82 2
e 86 84 1
e 86 85 4
e 87 2 2
e 87 3 3
e 87 4 3
e 87 5 3
e 87 6 1
e 87 7 3
e 87 8 1
e 87 9 2
e 87 10 4
e 87 11 2
e 87 12 3
e 87 13 2
e 87 15 3
e 87 16 1
e 87 17 3
e 87 18 4
e 87 19 2
e 87 20 2
e 87 21 1
e 87 22 784
e 87 23 3
e 87 24 3
e 87 25 1
e 87 26 1
e 87 27 4
e 87 28 3
e 87 29 1
e 87 30 4
e 87 32 2
e 87 33 535
e 87 34 4
e 87 35 3
e 87 36 4
e 87 37 2
e 87 38 1
e 87 39 4
e 87 40 1
e 87 41 4
e 87 42 2
e 87 43 3
e 87 44 961
e 87 45 1
e 87 46 1
e 87 47 1
e 87 48 1
e 87 50 4
e 87 51 4
e 87 52 3
e 87 53 3
e 87 54 2
e 87 56 3
e 87 57 1
e 87 58 2
e 87 59 4
e 87 60 4
e 87 61 2
e 87 62 2
e 87 63 3
e 87 64 2
e 87 65 2
e 87 66 839
e 87 68 2
e 87 69 4
e 87 70 4
e 87 71 4
e 87 72 2
e 87 73 3
e 87 74 2
e 87 75 2
e 87 76 3
e 87 77 554
e 87 78 1
e 87 79 1
e 87 80 2
e 87 82 1
e 87 83 4
e 87 84 1
e 87 85 2
e 87 86 3
e 88 1 578
e 88 2 501
e 88 3 539
e 88 4 596
e 88 5 892
e 88 6 535
e 88 7 743
e 88 8 530
e 88 10 659
e 88 11 935
e 88 14 653
e 88 15 864
e 88 16 904
e 88 18 794
e 88 19 816
e 88 20 962
e 88 21 807
e 88 22 672
e 88 23 776
e 88 24 647
e 88 25 660
e 88 26 514
e 88 27 619
e 88 28 820
e 88 29 644
e 88 30 870
e 88 31 928
e 88 32 647
e 88 33 680
e 88 34 835
e 88 35 912
e 88 38 700
e 88 39 540
e 88 40 547
e 88 41 810
e 88 42 871
e 88 43 776
e 88 44 506
e 88 45 978
e 88 46 585
e 88 47 798
e 88 48 976
e 88 49 943
e 88 51 690
e 88 52 843
e 88 53 948
e 88 54 739
e 88 55 808
e 88 56 603
e 88 57 688
e 88 58 544
e 88 59 865
e 88 60 964
e 88 61 567
e 88 65 596
e 88 66 850
e 88 67 815
e 88 69 877
e 88 70 749
e 88 72 872
e 88 73 895
e 88 74 565
e 88 75 579
e 88 76 838
e 88 77 658
e 88 78 654
e 88 79 788
e 88 80 685
e 88 81 922
e 88 82 732
e 88 83 531
e 88 84 836
e 88 85 925
e 89 1 703
e 89 2 4
e 89 4 1
e 89 5 3
e 89 6 1
e 89 7 2
e 89 8 3
e 89 9 3
e 89 10 1
e 89 11 3
e 89 13 1
e 89 15 4
e 89 17 2
e 89 18 4
e 89 19 1
e 89 20 2
e 89 21 3
e 89 22 671
e 89 23 1
e 89 24 3
e 89 25 1
e 89 26 3
e 89 27 1
e 89 28 1
e 89 29 2
e 89 30 2
e 89 32 1
e 89 34 3
e 89 35 4
e 89 36 1
e 89 37 1
e 89 38 1
e 89 39 3
e 89 40 2
e 89 41 1
e 89 42 3
e 89 43 3
e 89 44 730
e 89 45 2
e 89 46 1
e 89 47 1
e 89 48 2
e 89 49 3
e 89 52 1
e 89 53 2
e 89 54 2
e 89 55 745
e 89 56 1
e 89 57 4
e 89 58 3
e 89 59 1
e 89 60 3
e 89 61 3
e 89 62 4
e 89 63 4
e 89 64 2
e 89 65 3
e 89 66 837
e 89 67 4
e 89 69 3
e 89 70 1
e 89 71 1
e 89 72 4
e 89 73 3
e 89 74 2
e 89 75 1
e 89 77 890
e 89 78 1
e 89 79 3
e 89 80 2
e 89 81 4
e 89 83 3
e 89 84 1
e 89 86 3
e 89 87 2
e 89 88 996
e 90 1 937
e 90 3 2
e 90 4 2
e 90 5 1
e 90 6 1
e 90 7 3
e 90 8 4
e 90 9 1
e 90 10 3
e 90 11 2
e 90 12 1
e 90 13 2
e 90 14 3
e 90 15 2
e 90 16 1
e 90 17 1
e 90 18 1
e 90 19 3
e 90 20 3
e 90 21 3
e 90 22 818
e 90 23 2
e 90 24 2
e 90 25 3
e 90 26 4
e 90 27 4
e 90 28 1
e 90 29 4
e 90 30 1
e 90 31 4
e 90 32 3
e 90 33 934
e 90 34 4
e 90 37 1
e 90 38 2
e 90 39 2
e 90 40 1
e 90 41 1
e 90 42 4
e 90 43 2
e 90 45 2
e 90 46 2
e 90 47 1
e 90 48 1
e 90 49 2
e 90 50 4
e 90 51 2
e 90 52 4
e 90 53 3
e 90 54 1
e 90 55 676
e 90 56 1
e 90 57 3
e 90 59 4
e 90 60 1
e 90 61 1
e 90 62 2
e 90 64 2
e 90 65 2
e 90 67 1
e 90 68 2
e 90 69 4
e 90 70 4
e 90 71 3
e 90 72 2
e 90 74 1
e 90 76 2
e 90 79 3
e 90 80 3
e 90 81 3
e 90 82 2
e 90 83 1
e 90 85 1
e 90 86 3
e 90 87 2
e 90 88 889
e 90 89 2
e 91 1 646
e 91 2 1
e 91 3 1
e 91 4 3
e 91 5 2
e 91 6 4
e 91 7 4
e 91 8 1
e 91 9 4
e 91 10 1
e 91 11 3
e 91 12 2
e 91 13 3
e 91 14 1
e 91 15 2
e 91 16 1
e 91 17 4
e 91 18 4
e 91 19 4
e 91 21 3
e 91 23 1
e 91 25 1
e 91 26 1
e 91 27 3
e 91 28 3
e 91 29 4
e 91 30 4
e 91 31 4
e 91 32 1
e 91 34 1
e 91 35 3
e 91 37 2
e 91 38 4
e 91 39 4
e 91 40 2
e 91 41 3
e 91 42 1
e 91 43 3
e 91 44 545
e 91 45 3
e 91 46 2
e 91 47 3
e 91 48 1
e 91 49 3
e 91 50 3
e 91 51 4
e 91 52 2
e 91 55 678
e 91 56 2
e 91 57 4
e 91 58 3
e 91 59 4
e 91 60 1
e 91 61 2
e 91 62 1
e 91 63 4
e 91 64 3
e 91 65 2
e 91 66 990
e 91 67 2
e 91 68 1
e 91 69 1
e 91 70 2
e 91 71 1
e 91 72 2
e 91 73 2
e 91 74 2
e 91 75 3
e 91 76 1
e 91 77 744
e 91 78 3
e 91 79 4
e 91 80 1
e 91 81 2
e 91 82 2
e 91 84 2
e 91 85 4
e 91 86 3
e 91 87 2
e 91 88 744
e 91 89 2
e 92 1 551
e 92 2 3
e 92 3 3
e 92 4 1
e 92 5 4
e 92 6 3
e 92 7 2
e 92 8 3
e 92 9 4
e 92 10 3
e 92 11 2
e 92 13 3
e 92 14 4
e 92 15 1
e 92 16 2
e 92 17 3
e 92 18 4
e 92 19 2
e 92 20 2
e 92 21 4
e 92 22 836
e 92 23 1
e 92 24 1
e 92 25 2
e 92 26 4
e 92 27 1
e 92 28 3
e 92 29 3
e 92 30 1
e 92 31 3
e 92 32 4
e 92 33 968
e 92 34 4
e 92 35 3
e 92 36 2
e 92 37 3
e 92 38 2
e 92 39 3
e 92 40 2
e 92 41 4
e 92 42 1
e 92 44 571
e 92 45 1
e 92 46 1
e 92 47 4
e 92 48 4
e 92 49 1
e 92 50 2
e 92 51 3
e 92 53 3
e 92 54 4
e 92 55 654
e 92 56 4
e 92 57 1
e 92 58 4
e 92 59 4
e 92 61 1
e 92 62 1
e 92 63 1
e 92 64 2
e 92 65 1
e 92 67 1
e 92 68 2
e 92 69 3
e 92 70 2
e 92 71 1
e 92 72 3
e 92 73 2
e 92 74 2
e 92 75 2
e 92 76 4
e 92 77 621
e 92 78 2
e 92 79 3
e 92 81 4
e 92 82 3
e 92 83 2
e 92 84 3
e 92 85 4
e 92 86 4
e 92 89 4
e 92 90 1
e 92 91 4
e 93 1 645
e 93 2 3
e 93 3 3
e 93 5 3
e 93 6 4
e 93 7 1
e 93 8 2
e 93 9 1
e 93 10 3
e 93 11 3
e 93 12 4
e 93 13 3
e 93 15 1
e 93 16 1
e 93 17 3
e 93 18 3
e 93 19 1
e 93 20 2
e 93 21 1
e 93 22 560
e 93 23 3
e 93 24 3
e 93 25 3
e 93 26 4
e 93 28 2
e 93 29 3
e 93 30 1
e 93 31 2
e 93 32 2
e 93 33 981
e 93 34 3
e 93 35 2
e 93 36 4
e 93 37 3
e 93 38 3
e 93 39 1
e 93 40 2
e 93 41 1
e 93 42 1
e 93 44 585
e 93 46 3
e 93 47 1
e 93 48 2
e 93 49 1
e 93 51 2
e 93 52 2
e 93 53 3
e 93 54 3
e 93 55 932
e 93 57 3
e 93 58 1
e 93 59 1
e 93 60 3
e 93 61 1
e 93 63 3
e 93 65 1
e 93 66 823
e 93 67 1
e 93 68 4
e 93 69 3
e 93 70 3
e 93 71 1
e 93 72 2
e 93 74 4
e 93 75 2
e 93 76 4
e 93 77 741
e 93 78 1
e 93 79 3
e 93 80 1
e 93 81 1
e 93 82 2
e 93 83 4
e 93 84 2
e 93 85 4
e 93 86 4
e 93 88 958
e 93 89 3
e 93 91 1
e 93 92 3
e 94 1 524
e 94 2 1
e 94 4 1
e 94 5 3
e 94 6 3
e 94 7 1
e 94 8 4
e 94 9 3
e 94 10 2
e 94 11 3
e 94 12 2
e 94 13 1
e 94 14 4
e 94 16 1
e 94 17 2
e 94 18 4
e 94 19 3
e 94 21 3
e 94 22 708
e 94 23 3
e 94 24 2
e 94 25 4
e 94 26 1
e 94 27 4
e 94 28 2
e 94 29 4
e 94 30 3
e 94 32 3
e 94 34 3
e 94 36 2
e 94 37 2
e 94 38 1
e 94 39 1
e 94 40 4
e 94 41 3
e 94 42 3
e 94 43 2
e 94 44 756
e 94 46 2
e 94 47 3
e 94 48 1
e 94 49 4
e 94 50 2
e 94 51 3
e 94 52 2
e 94 53 4
e 94 55 714
e 94 56 2
e 94 57 2
e 94 58 3
e 94 59 2
e 94 60 4
e 94 61 1
e 94 62 2
e 94 63 3
e 94 64 1
e 94 65 4
e 94 66 542
e 94 68 3
e 94 71 1
e 94 72 3
e 94 73 3
e 94 74 4
e 94 75 4
e 94 76 1
e 94 77 560
e 94 78 1
e 94 79 1
e 94 80 1
e 94 81 2
e 94 83 3
e 94 84 3
e 94 85 3
e 94 86 3
e 94 87 3
e 94 88 658
e 94 89 2
e 94 90 2
e 94 91 2
e 94 92 4
e 94 93 4
e 95 2 2
e 95 3 3
e 95 4 4
e 95 6 3
e 95 7 2
e 95 8 2
e 95 9 4
e 95 11 1
e 95 12 2
e 95 13 2
e 95 14 1
e 95 15 2
e 95 16 1
e 95 17 3
e 95 18 3
e 95 19 3
e 95 20 1
e 95 21 3
e 95 22 564
e 95 24 4
e 95 25 3
e 95 27 2
e 95 28 3
e 95 29 3
e 95 30 4
e 95 31 1
e 95 32 3
e 95 33 842
e 95 34 4
e 95 35 4
e 95 36 1
e 95 38 2
e 95 39 2
e 95 40 1
e 95 41 2
e 95 42 2
e 95 43 4
e 95 44 584
e 95 45 4
e 95 46 2
e 95 47 3
e 95 49 1
e 95 50 1
e 95 52 4
e 95 53 4
e 95 54 2
e 95 56 4
e 95 57 3
e 95 58 1
e 95 59 2
e 95 60 4
e 95 62 1
e 95 64 2
e 95 65 3
e 95 67 3
e 95 68 3
e 95 69 2
e 95 70 4
e 95 71 1
e 95 72 2
e 95 74 2
e 95 75 3
e 95 76 1
e 95 77 735
e 95 78 3
e 95 79 2
e 95 80 3
e 95 81 3
e 95 82 4
e 95 83 3
e 95 84 1
e 95 85 3
e 95 86 4
e 95 87 1
e 95 88 606
e 95 89 3
e 95 90 1
e 95 91 1
e 95 92 1
e 95 93 3
e 95 94 2
e 96 1 672
e 96 2 3
e 96 3 4
e 96 4 4
e 96 5 1
e 96 6 1
e 96 7 3
e 96 8 2
e 96 9 2
e 96 10 2
e 96 11 3
e 96 12 3
e 96 13 2
e 96 14 1
e 96 16 4
e 96 17 1
e 96 18 4
e 96 19 1
e 96 20 2
e 96 21 1
e 96 22 846
e 96 23 4
e 96 24 3
e 96 25 3
e 96 26 1
e 96 27 2
e 96 29 4
e 96 30 1
e 96 31 2
e 96 32 4
e 96 33 991
e 96 34 1
e 96 35 3
e 96 36 2
e 96 37 3
e 96 38 2
e 96 39 2
e 96 40 1
e 96 41 2
e 96 42 3
e 96 43 3
e 96 44 956
e 96 45 3
e 96 46 4
e 96 47 2
e 96 48 4
e 96 49 3
e 96 50 3
e 96 51 1
e 96 52 4
e 96 53 2
e 96 54 3
e 96 55 501
e 96 56 1
e 96 57 1
e 96 58 3
e 96 59 2
e 96 60 4
e 96 61 4
e 96 62 2
e 96 63 1
e 96 64 1
e 96 65 3
e 96 66 540
e 96 67 2
e 96 68 1
e 96 69 1
e 96 70 4
e 96 71 2
e 96 72 4
e 96 74 1
e 96 75 1
e 96 76 3
e 96 77 891
e 96 78 3
e 96 79 4
e 96 80 2
e 96 81 4
e 96 82 1
e 96 83 4
e 96 84 3
e 96 85 3
e 96 86 1
e 96 88 960
e 96 90 2
e 96 91 3
e 96 92 1
e 96 93 3
e 96 95 4
e 97 1 897
e 97 2 4
e 97 3 3
e 97 4 3
e 97 6 3
e 97 7 2
e 97 8 2
e 97 9 1
e 97 10 1
e 97 12 4
e 97 13 1
e 97 14 1
e 97 15 1
e 97 16 1
e 97 18 1
e 97 19 1
e 97 20 2
e 97 21 3
e 97 22 986
e 97 23 2
e 97 25 1
e 97 27 1
e 97 28 2
e 97 29 2
e 97 30 2
e 97 31 2
e 97 32 2
e 97 33 843
e 97 34 4
e 97 35 4
e 97 37 3
e 97 38 4
e 97 39 2
e 97 40 3
e 97 41 2
e 97 42 3
e 97 43 3
e 97 45 3
e 97 46 4
e 97 47 4
e 97 48 4
e 97 49 2
e 97 50 4
e 97 51 4
e 97 53 4
e 97 54 4
e 97 55 566
e 97 56 1
e 97 57 4
e 97 58 1
e 97 59 2
e 97 60 4
e 97 61 3
e 97 63 3
e 97 64 1
e 97 65 3
e 97 67 3
e 97 68 4
e 97 69 3
e 97 70 2
e 97 71 4
e 97 72 3
e 97 73 2
e 97 74 2
e 97 76 4
e 97 77 509
e 97 78 1
e 97 79 2
e 97 80 2
e 97 81 3
e 97 83 4
e 97 84 1
e 97 85 2
e 97 86 3
e 97 87 3
e 97 88 710
e 97 89 3
e 97 91 3
e 97 93 4
e 97 95 1
e 97 96 1
e 98 1 516
e 98 2 4
e 98 3 3
e 98 4 3
e 98 5 4
e 98 6 1
e 98 7 1
e 98 8 3
e 98 9 4
e 98 10 3
e 98 11 4
e 98 12 2
e 98 13 4
e 98 14 3
e 98 15 4
e 98 16 1
e 98 17 2
e 98 18 1
e 98 19 3
e 98 20 4
e 98 21 2
e 98 22 689
e 98 23 2
e 98 24 1
e 98 25 2
e 98 27 1
e 98 28 3
e 98 29 2
e 98 30 2
e 98 31 4
e 98 32 3
e 98 33 589
e 98 34 1
e 98 35 4
e 98 36 4
e 98 39 4
e 98 40 2
e 98 41 3
e 98 42 2
e 98 43 1
e 98 44 654
e 98 45 1
e 98 46 2
e 98 47 1
e 98 48 3
e 98 49 4
e 98 50 4
e 98 51 2
e 98 52 4
e 98 53 4
e 98 54 3
e 98 55 939
e 98 56 1
e 98 57 2
e 98 61 2
e 98 62 2
e 98 63 1
e 98 64 2
e 98 65 2
e 98 66 687
e 98 67 1
e 98 68 3
e 98 69 2
e 98 70 2
e 98 71 4
e 98 72 4
e 98 73 4
e 98 74 1
e 98 75 4
e 98 76 3
e 98 77 613
e 98 78 2
e 98 79 1
e 98 80 1
e 98 81 2
e 98 82 2
e 98 83 3
e 98 84 1
e 98 85 4
e 98 86 4
e 98 87 4
e 98 88 726
e 98 89 2
e 98 90 4
e 98 91 2
e 98 92 3
e 98 93 3
e 98 94 2
e 98 96 1
e 98 97 3
e 99 1 540
e 99 2 691
e 99 3 529
e 99 4 641
e 99 5 822
e 99 6 770
e 99 7 818
e 99 8 985
e 99 9 712
e 99 10 553
e 99 11 727
e 99 12 563
e 99 13 924
e 99 14 780
e 99 15 737
e 99 16 874
e 99 17 546
e 99 18 868
e 99 19 842
e 99 20 712
e 99 21 768
e 99 22 616
e 99 23 987
e 99 24 676
e 99 25 548
e 99 26 803
e 99 27 934
e 99 28 801
e 99 29 560
e 99 30 700
e 99 31 986
e 99 32 563
e 99 33 805
e 99 34 968
e 99 35 563
e 99 36 843
e 99 37 550
e 99 39 602
e 99 40 514
e 99 41 629
e 99 42 548
e 99 43 960
e 99 44 765
e 99 45 886
e 99 48 940
e 99 49 647
e 99 50 867
e 99 51 568
e 99 52 989
e 99 53 853
e 99 54 791
e 99 55 657
e 99 56 977
e 99 57 958
e 99 58 851
e 99 59 887
e 99 60 775
e 99 61 523
e 99 62 822
e 99 63 970
e 99 64 720
e 99 65 565
e 99 66 835
e 99 67 633
e 99 68 563
e 99 69 567
e 99 70 589
e 99 71 688
e 99 72 865
e 99 73 811
e 99 74 759
e 99 75 972
e 99 76 993
e 99 77 566
e 99 78 823
e 99 79 676
e 99 80 785
e 99 81 812
e 99 83 992
e 99 84 955
e 99 85 728
e 99 86 534
e 99 87 714
e 99 88 826
e 99 89 820
e 99 90 540
e 99 91 820
e 99 92 835
e 99 93 736
e 99 94 567
e 99 96 524
e 99 97 842
e 99 98 779
e 100 1 747
e 100 2 3
e 100 3 3
e 100 4 3
e 100 5 2
e 100 6 4
e 100 7 1
e 100 8 4
e 100 9 1
e 100 10 3
e 100 11 2
e 100 12 4
e 100 13 2
e 100 14 4
e 100 15 1
e 100 16 3
e 100 17 2
e 100 18 3
e 100 19 4
e 100 21 2
e 100 22 594
e 100 24 1
e 100 25 1
e 100 26 4
e 100 27 4
e 100 28 4
e 100 29 1
e 100 30 4
e 100 31 3
e 100 32 3
e 100 33 562
e 100 34 2
e 100 35 2
e 100 37 2
e 100 38 1
e 100 39 4
e 100 40 2
e 100 41 1
e 100 42 3
e 100 43 3
e 100 44 543
e 100 45 1
e 100 46 1
e 100 48 3
e 100 50 2
e 100 51 3
e 100 52 3
e 100 53 4
e 100 54 3
e 100 56 4
e 100 57 1
e 100 58 3
e 100 60 4
e 100 61 1
e 100 62 2
e 100 63 1
e 100 65 3
e 100 67 2
e 100 68 3
e 100 70 1
e 100 72 3
e 100 73 1
e 100 74 3
e 100 75 4
e 100 76 2
e 100 78 4
e 100 79 2
e 100 80 1
e 100 81 4
e 100 82 3
e 100 84 2
e 100 85 3
e 100 86 2
e 100 87 2
e 100 88 731
e 100 89 1
e 100 90 2
e 100 91 2
e 100 92 4
e 100 93 1
e 100 94 4
e 100 95 4
e 100 97 3
e 100 98 4
e 100 99 769
e 101 1 861
e 101 2 2
e 101 3 2
e 101 4 2
e 101 5 4
e 101 6 4
e 101 7 1
e 101 8 2
e 101 9 4
e 101 10 1
e 101 11 3
e 101 12 2
e 101 13 2
e 101 14 2
e 101 15 4
e 101 17 4
e 101 18 1
e 101 19 1
e 101 20 1
e 101 21 3
e 101 22 572
e 101 23 1
e 101 24 3
e 101 25 3
e 101 26 4
e 101 27 3
e 101 28 2
e 101 29 1
e 101 30 3
e 101 31 1
e 101 32 2
e 101 33 651
e 101 34 4
e 101 35 4
e 101 36 2
e 101 37 3
e 101 38 4
e 101 39 4
e 101 40 3
e 101 41 1
e 101 42 2
e 101 43 4
e 101 44 591
e 101 45 1
e 101 46 2
e 101 47 3
e 101 48 3
e 101 49 1
e 101 51 2
e 101 52 4
e 101 53 2
e 101 54 2
e 101 55 992
e 101 56 4
e 101 57 3
e 101 58 4
e 101 59 2
e 101 60 2
e 101 61 1
e 101 62 1
e 101 64 4
e 101 65 4
e 101 66 546
e 101 67 2
e 101 68 4
e 101 69 1
e 101 70 1
e 101 71 3
e 101 73 2
e 101 74 1
e 101 75 4
e 101 76 3
e 101 77 936
e 101 78 1
e 101 79 1
e 101 80 3
e 101 81 2
e 101 82 1
e 101 83 3
e 101 84 1
e 101 85 3
e 101 86 4
e 101 87 1
e 101 88 648
e 101 89 2
e 101 90 3
e 101 91 4
e 101 92 3
e 101 93 2
e 101 94 3
e 101 95 4
e 101 97 1
e 101 98 3
e 101 99 558
e 101 100 2
e 102 1 661
e 102 2 2
e 102 3 4
e 102 4 2
e 102 5 3
e 102 6 3
e 102 7 1
e 102 8 1
e 102 9 1
e 102 10 2
e 102 11 3
e 102 14 3
e 102 15 3
e 102 16 3
e 102 19 2
e 102 20 2
e 102 22 914
e 102 24 1
e 102 25 2
e 102 26 2
e 102 27 3
e 102 28 1
e 102 29 3
e 102 30 3
e 102 31 3
e 102 32 4
e 102 33 528
e 102 34 2
e 102 35 2
e 102 36 1
e 102 37 4
e 102 38 3
e 102 39 4
e 102 40 4
e 102 42 2
e 102 43 3
e 102 44 765
e 102 45 3
e 102 46 2
e 102 47 2
e 102 48 1
e 102 49 3
e 102 53 1
e 102 54 4
e 102 55 957
e 102 56 4
e 102 57 3
e 102 58 3
e 102 59 1
e 102 60 4
e 102 61 1
e 102 62 2
e 102 64 2
e 102 65 4
e 102 66 841
e 102 67 2
e 102 68 3
e 102 69 2
e 102 70 4
e 102 71 4
e 102 72 1
e 102 73 3
e 102 74 1
e 102 75 1
e 102 76 1
e 102 77 809
e 102 78 2
e 102 79 4
e 102 80 3
e 102 81 2
e 102 82 4
e 102 83 4
e 102 84 1
e 102 85 1
e 102 86 3
e 102 87 3
e 102 88 609
e 102 89 2
e 102 90 3
e 102 91 3
e 102 92 2
e 102 93 2
e 102 94 4
e 102 95 4
e 102 96 4
e 102 97 3
e 102 98 4
e 102 100 4
e 102 101 2
e 103 1 808
e 103 2 3
e 103 3 2
e 103 4 3
e 103 5 2
e 103 6 4
e 103 7 1
e 103 8 2
e 103 9 3
e 103 10 1
e 103 11 3
e 103 12 3
e 103 13 2
e 103 14 4
e 103 15 2
e 103 17 3
e 103 18 2
e 103 19 2
e 103 20 1
e 103 21 1
e 103 22 671
e 103 23 2
e 103 24 4
e 103 25 4
e 103 26 4
e 103 27 3
e 103 28 2
e 103 29 4
e 103 30 3
e 103 31 3
e 103 32 2
e 103 33 837
e 103 34 1
e 103 35 1
e 103 38 3
e 103 39 1
e 103 40 3
e 103 41 3
e 103 42 2
e 103 43 3
e 103 44 514
e 103 45 1
e 103 46 1
e 103 49 1
e 103 50 1
e 103 52 1
e 103 53 2
e 103 54 2
e 103 55 602
e 103 56 4
e 103 58 2
e 103 59 2
e 103 60 2
e 103 61 2
e 103 62 4
e 103 63 3
e 103 64 4
e 103 65 4
e 103 66 840
e 103 67 1
e 103 68 4
e 103 70 2
e 103 73 2
e 103 74 2
e 103 76 2
e 103 77 510
e 103 78 2
e 103 79 2
e 103 80 3
e 103 81 2
e 103 82 2
e 103 84 1
e 103 85 2
e 103 86 3
e 103 88 689
e 103 89 1
e 103 90 4
e 103 91 4
e 103 92 4
e 103 93 2
e 103 94 4
e 103 95 4
e 103 96 3
e 103 97 3
e 103 98 2
e 103 99 803
e 103 100 3
e 103 101 2
e 103 102 1
e 104 1 578
e 104 2 4
e 104 3 4
e 104 4 4
e 104 5 4
e 104 7 2
e 104 8 2
e 104 9 2
e 104 10 4
e 104 11 2
e 104 13 1
e 104 14 2
e 104 15 4
e 104 16 3
e 104 17 2
e 104 19 3
e 104 20 3
e 104 21 2
e 104 22 994
e 104 23 3
e 104 24 3
e 104 25 4
e 104 26 1
e 104 27 2
e 104 28 4
e 104 29 2
e 104 30 4
e 104 31 2
e 104 32 3
e 104 33 714
e 104 34 4
e 104 35 3
e 104 36 2
e 104 37 1
e 104 39 1
e 104 40 2
e 104 41 2
e 104 42 2
e 104 43 3
e 104 44 977
e 104 45 1
e 104 46 1
e 104 47 1
e 104 48 3
e 104 49 3
e 104 50 1
e 104 51 4
e 104 52 4
e 104 53 3
e 104 54 4
e 104 55 557
e 104 56 3
e 104 57 4
e 104 58 1
e 104 59 4
e 104 60 4
e 104 61 1
e 104 62 2
e 104 63 1
e 104 64 3
e 104 65 2
e 104 66 508
e 104 67 2
e 104 68 1
e 104 69 1
e 104 70 3
e 104 71 3
e 104 72 3
e 104 73 4
e 104 74 1
e 104 75 3
e 104 76 1
e 104 77 562
e 104 78 2
e 104 79 4
e 104 80 3
e 104 81 4
e 104 82 2
e 104 83 4
e 104 84 4
e 104 85 2
e 104 86 1
e 104 87 1
e 104 88 692
e 104 89 1
e 104 90 1
e 104 91 2
e 104 92 4
e 104 93 3
e 104 94 2
e 104 95 1
e 104 96 3
e 104 97 2
e 104 98 1
e 104 99 507
e 104 100 4
e 104 102 2
e 104 103 4
e 105 1 935
e 105 2 4
e 105 3 4
e 105 4 1
e 105 5 2
e 105 7 1
e 105 8 2
e 105 9 4
e 105 10 3
e 105 11 4
e 105 12 2
e 105 13 1
e 105 14 2
e 105 15 4
e 105 16 4
e 105 17 4
e 105 18 2
e 105 19 4
e 105 20 1
e 105 21 2
e 105 22 846
e 105 23 2
e 105 24 1
e 105 25 2
e 105 26 3
e 105 27 4
e 105 28 4
e 105 29 2
e 105 30 3
e 105 31 2
e 105 32 4
e 105 33 948
e 105 34 4
e 105 35 4
e 105 37 3
e 105 39 2
e 105 40 4
e 105 41 3
e 105 42 2
e 105 43 4
e 105 44 655
e 105 45 3
e 105 47 2
e 105 48 3
e 105 50 2
e 105 51 4
e 105 52 2
e 105 53 1
e 105 54 3
e 105 55 749
e 105 56 3
e 105 57 4
e 105 59 3
e 105 60 3
e 105 61 3
e 105 62 3
e 105 63 4
e 105 64 1
e 105 65 3
e 105 66 550
e 105 67 3
e 105 69 1
e 105 70 3
e 105 71 3
e 105 72 3
e 105 73 2
e 105 74 2
e 105 75 1
e 105 76 3
e 105 79 4
e 105 80 1
e 105 81 1
e 105 82 4
e 105 83 1
e 105 84 2
e 105 85 3
e 105 86 4
e 105 87 3
e 105 88 896
e 105 89 1
e 105 91 4
e 105 92 1
e 105 93 3
e 105 94 1
e 105 95 4
e 105 96 4
e 105 97 4
e 105 98 1
e 105 99 692
e 105 100 1
e 105 101 1
e 105 102 4
e 106 2 4
e 106 3 4
e 106 4 1
e 106 5 4
e 106 6 3
e 106 7 4
e 106 8 4
e 106 9 1
e 106 10 4
e 106 11 1
e 106 12 3
e 106 13 1
e 106 15 2
e 106 16 2
e 106 17 4
e 106 18 3
e 106 20 1
e 106 21 2
e 106 23 2
e 106 24 1
e 106 25 4
e 106 26 3
e 106 27 2
e 106 28 4
e 106 30 3
e 106 31 1
e 106 32 1
e 106 33 833
e 106 34 2
e 106 35 3
e 106 36 4
e 106 37 3
e 106 38 1
e 106 40 2
e 106 41 4
e 106 42 4
e 106 43 4
e 106 44 877
e 106 45 1
e 106 46 4
e 106 47 2
e 106 48 2
e 106 49 2
e 106 50 3
e 106 51 1
e 106 52 1
e 106 53 1
e 106 54 2
e 106 55 627
e 106 57 1
e 106 58 1
e 106 59 2
e 106 60 1
e 106 61 2
e 106 62 3
e 106 63 4
e 106 64 2
e 106 65 1
e 106 66 705
e 106 67 3
e 106 69 1
e 106 70 3
e 106 71 4
e 106 72 1
e 106 73 4
e 106 74 4
e 106 75 2
e 106 76 1
e 106 77 849
e 106 78 3
e 106 79 1
e 106 80 3
e 106 81 3
e 106 82 2
e 106 84 4
e 106 85 2
e 106 86 3
e 106 87 1
e 106 88 930
e 106 89 4
e 106 90 3
e 106 91 1
e 106 92 4
e 106 93 3
e 106 95 3
e 106 96 1
e 106 97 2
e 106 98 2
e 106 99 754
e 106 100 2
e 106 101 3
e 106 102 2
e 106 104 4
e 106 105 3
e 107 1 994
e 107 2 2
e 107 3 1
e 107 4 2
e 107 5 1
e 107 6 4
e 107 7 4
e 107 8 2
e 107 9 1
e 107 10 1
e 107 11 3
e 107 12 4
e 107 13 4
e 107 14 3
e 107 15 1
e 107 16 3
e 107 17 3
e 107 18 1
e 107 19 2
e 107 21 2
e 107 22 943
e 107 24 1
e 107 25 4
e 107 26 2
e 107 27 1
e 107 28 3
e 107 29 4
e 107 30 4
e 107 31 2
e 107 32 4
e 107 34 1
e 107 35 1
e 107 36 1
e 107 37 1
e 107 38 4
e 107 39 4
e 107 40 1
e 107 41 2
e 107 43 1
e 107 44 542
e 107 45 1
e 107 46 3
e 107 47 4
e 107 48 1
e 107 49 4
e 107 51 4
e 107 52 1
e 107 53 2
e 107 54 4
e 107 55 520
e 107 56 4
e 107 57 3
e 107 60 4
e 107 61 4
e 107 62 3
e 107 63 3
e 107 64 2
e 107 65 4
e 107 66 894
e 107 68 2
e 107 69 4
e 107 71 4
e 107 72 3
e 107 73 3
e 107 74 4
e 107 75 4
e 107 76 4
e 107 78 1
e 107 79 4
e 107 80 1
e 107 81 2
e 107 82 1
e 107 83 3
e 107 85 3
e 107 86 1
e 107 87 1
e 107 88 711
e 107 89 4
e 107 90 4
e 107 91 4
e 107 92 4
e 107 93 1
e 107 94 1
e 107 95 2
e 107 96 4
e 107 97 1
e 107 98 2
e 107 99 953
e 107 100 3
e 107 101 2
e 107 102 1
e 107 103 2
e 107 104 4
e 107 105 2
e 107 106 1
e 108 2 3
e 108 4 2
e 108 6 4
e 108 8 4
e 108 10 2
e 108 11 4
e 108 12 4
e 108 15 4
e 108 16 4
e 108 17 3
e 108 18 2
e 108 19 4
e 108 21 3
e 108 22 942
e 108 23 4
e 108 24 2
e 108 25 4
e 108 26 3
e 108 27 2
e 108 29 1
e 108 31 4
e 108 34 4
e 108 35 2
e 108 36 3
e 108 37 1
e 108 39 2
e 108 40 4
e 108 42 3
e 108 43 2
e 108 44 566
e 108 45 4
e 108 46 4
e 108 47 1
e 108 48 2
e 108 49 4
e 108 50 4
e 108 51 2
e 108 52 4
e 108 53 2
e 108 54 1
e 108 55 606
e 108 56 1
e 108 57 2
e 108 59 2
e 108 60 1
e 108 61 3
e 108 62 1
e 108 63 3
e 108 64 3
e 108 65 4
e 108 67 1
e 108 68 3
e 108 69 3
e 108 70 1
e 108 71 1
e 108 72 3
e 108 74 1
e 108 76 4
e 108 77 627
e 108 78 1
e 108 80 4
e 108 81 1
e 108 82 1
e 108 83 1
e 108 84 1
e 108 85 4
e 108 86 2
e 108 87 2
e 108 88 557
e 108 89 2
e 108 90 2
e 108 91 3
e 108 92 2
e 108 93 4
e 108 95 3
e 108 96 2
e 108 97 4
e 108 98 4
e 108 99 628
e 108 100 2
e 108 101 2
e 108 102 3
e 108 103 3
e 108 104 2
e 108 105 3
e 108 106 2
e 108 107 3
e 109 2 2
e 109 3 1
e 109 4 1
e 109 5 3
e 109 6 1
e 109 7 3
e 109 8 1
e 109 9 4
e 109 10 4
e 109 11 2
e 109 12 2
e 109 13 4
e 109 14 2
e 109 16 4
e 109 17 1
e 109 18 3
e 109 19 1
e 109 20 4
e 109 21 2
e 109 22 622
e 109 23 4
e 109 24 4
e 109 25 2
e 109 26 3
e 109 27 2
e 109 28 1
e 109 29 2
e 109 30 3
e 109 31 1
e 109 32 1
e 109 33 846
e 109 34 4
e 109 35 1
e 109 37 3
e 109 38 4
e 109 39 4
e 109 40 3
e 109 41 2
e 109 42 3
e 109 43 1
e 109 45 4
e 109 46 4
e 109 47 4
e 109 50 4
e 109 51 3
e 109 52 1
e 109 53 2
e 109 54 1
e 109 55 988
e 109 56 1
e 109 57 2
e 109 58 3
e 109 59 4
e 109 60 1
e 109 61 3
e 109 62 4
e 109 63 4
e 109 64 3
e 109 65 4
e 109 66 863
e 109 67 2
e 109 68 4
e 109 69 4
e 109 70 3
e 109 71 4
e 109 72 1
e 109 73 3
e 109 74 3
e 109 75 2
e 109 76 3
e 109 77 785
e 109 78 2
e 109 79 3
e 109 80 4
e 109 81 1
e 109 82 3
e 109 83 4
e 109 84 3
e 109 86 2
e 109 87 3
e 109 88 753
e 109 89 2
e 109 90 3
e 109 91 4
e 109 92 3
e 109 94 4
e 109 95 2
e 109 97 1
e 109 98 2
e 109 100 3
e 109 101 2
e 109 102 1
e 109 104 2
e 109 105 2
e 109 106 2
e 109 107 2
e 109 108 4
e 110 1 855
e 110 2 3
e 110 3 2
e 110 4 3
e 110 5 2
e 110 6 4
e 110 7 2
e 110 9 2
e 110 10 4
e 110 11 4
e 110 12 2
e 110 13 4
e 110 14 1
e 110 15 1
e 110 16 4
e 110 17 4
e 110 18 1
e 110 19 4
e 110 20 4
e 110 22 975
e 110 23 3
e 110 24 3
e 110 25 2
e 110 26 4
e 110 27 2
e 110 28 1
e 110 29 4
e 110 30 1
e 110 31 2
e 110 32 2
e 110 33 901
e 110 34 3
e 110 35 2
e 110 36 1
e 110 38 4
e 110 39 4
e 110 40 1
e 110 41 1
e 110 42 3
e 110 43 1
e 110 44 755
e 110 45 3
e 110 46 2
e 110 47 1
e 110 48 4
e 110 49 1
e 110 50 3
e 110 51 4
e 110 52 3
e 110 53 4
e 110 54 2
e 110 55 675
e 110 56 3
e 110 57 4
e 110 58 2
e 110 59 1
e 110 60 3
e 110 61 3
e 110 62 3
e 110 63 1
e 110 65 4
e 110 66 914
e 110 67 4
e 110 68 2
e 110 69 1
e 110 70 2
e 110 71 4
e 110 72 1
e 110 73 1
e 110 74 1
e 110 75 3
e 110 77 543
e 110 78 4
e 110 79 4
e 110 80 3
e 110 81 4
e 110 82 4
e 110 83 3
e 110 84 4
e 110 85 4
e 110 86 2
e 110 87 1
e 110 88 879
e 110 89 4
e 110 91 4
e 110 92 3
e 110 93 1
e 110 94 4
e 110 95 3
e 110 96 2
e 110 97 2
e 110 98 3
e 110 99 813
e 110 100 4
e 110 101 2
e 110 103 1
e 110 104 4
e 110 105 2
e 110 106 3
e 110 107 4
e 110 108 2
e 110 109 3
e 111 1 693
e 111 2 938
e 111 3 521
e 111 4 651
e 111 5 973
e 111 6 550
e 111 7 703
e 111 8 646
e 111 9 959
e 111 10 762
e 111 11 716
e 111 12 713
e 111 13 968
e 111 14 911
e 111 15 789
e 111 16 565
e 111 18 512
e 111 19 679
e 111 20 879
e 111 21 808
e 111 22 923
e 111 23 989
e 111 25 539
e 111 26 728
e 111 27 654
e 111 28 886
e 111 29 808
e 111 30 879
e 111 32 885
e 111 33 989
e 111 34 654
e 111 35 758
e 111 36 664
e 111 37 622
e 111 38 650
e 111 39 510
e 111 40 639
e 111 42 692
e 111 43 521
e 111 44 537
e 111 46 855
e 111 47 816
e 111 48 591
e 111 49 663
e 111 50 803
e 111 51 546
e 111 52 694
e 111 53 547
e 111 54 988
e 111 55 679
e 111 56 656
e 111 57 771
e 111 58 961
e 111 59 714
e 111 60 914
e 111 61 843
e 111 62 914
e 111 63 897
e 111 64 829
e 111 66 795
e 111 67 524
e 111 68 507
e 111 69 759
e 111 70 538
e 111 71 602
e 111 72 543
e 111 73 819
e 111 74 671
e 111 75 551
e 111 76 932
e 111 77 623
e 111 78 930
e 111 79 728
e 111 80 920
e 111 81 516
e 111 82 528
e 111 83 745
e 111 84 792
e 111 85 596
e 111 86 556
e 111 87 668
e 111 88 669
e 111 89 727
e 111 90 651
e 111 91 599
e 111 92 934
e 111 93 947
e 111 94 931
e 111 95 812
e 111 96 719
e 111 97 827
e 111 98 879
e 111 99 826
e 111 100 837
e 111 101 594
e 111 102 899
e 111 103 726
e 111 104 900
e 111 105 842
e 111 106 930
e 111 107 948
e 111 108 897
e 111 109 852
e 111 110 650
e 112 1 760
e 112 2 2
e 112 3 3
e 112 4 4
e 112 5 1
e 112 6 3
e 112 7 2
e 112 8 1
e 112 9 1
e 112 10 4
e 112 12 4
e 112 13 3
e 112 14 3
e 112 15 3
e 112 17 1
e 112 18 1
e 112 19 4
e 112 20 1
e 112 21 2
e 112 22 628
e 112 23 1
e 112 24 2
e 112 25 1
e 112 26 1
e 112 27 2
e 112 29 2
e 112 30 4
e 112 31 3
e 112 32 1
e 112 33 619
e 112 34 4
e 112 35 4
e 112 36 3
e 112 37 3
e 112 39 1
e 112 41 2
e 112 42 3
e 112 43 2
e 112 44 709
e 112 46 3
e 112 47 1
e 112 48 3
e 112 49 1
e 112 50 1
e 112 51 1
e 112 52 2
e 112 53 2
e 112 54 1
e 112 55 989
e 112 56 1
e 112 57 3
e 112 58 4
e 112 59 1
e 112 60 3
e 112 61 2
e 112 63 4
e 112 64 1
e 112 65 1
e 112 66 707
e 112 67 3
e 112 68 4
e 112 69 4
e 112 71 2
e 112 72 4
e 112 73 3
e 112 74 1
e 112 76 2
e 112 77 925
e 112 79 1
e 112 80 4
e 112 82 2
e 112 83 2
e 112 84 1
e 112 86 3
e 112 87 2
e 112 88 538
e 112 90 3
e 112 91 3
e 112 92 1
e 112 93 2
e 112 94 3
e 112 95 2
e 112 96 4
e 112 97 1
e 112 98 4
e 112 99 562
e 112 100 1
e 112 102 1
e 112 103 2
e 112 104 4
e 112 106 2
e 112 107 1
e 112 108 3
e 112 109 1
e 112 110 2
e 112 111 753
e 113 1 681
e 113 2 1
e 113 3 3
e 113 4 4
e 113 5 2
e 113 6 4
e 113 7 1
e 113 9 2
e 113 10 2
e 113 11 3
e 113 12 4
e 113 13 3
e 113 14 1
e 113 15 2
e 113 16 1
e 113 17 4
e 113 21 2
e 113 22 868
e 113 23 3
e 113 24 3
e 113 25 4
e 113 27 2
e 113 28 3
e 113 29 2
e 113 31 4
e 113 32 2
e 113 33 937
e 113 34 3
e 113 35 1
e 113 36 3
e 113 37 4
e 113 39 4
e 113 40 3
e 113 41 1
e 113 44 706
e 113 45 4
e 113 46 4
e 113 47 2
e 113 48 3
e 113 49 4
e 113 50 3
e 113 52 4
e 113 53 1
e 113 54 1
e 113 55 754
e 113 57 3
e 113 58 3
e 113 59 1
e 113 60 2
e 113 61 1
e 113 62 1
e 113 63 3
e 113 65 4
e 113 66 964
e 113 67 4
e 113 69 2
e 113 70 1
e 113 71 4
e 113 72 3
e 113 73 2
e 113 74 2
e 113 76 3
e 113 77 877
e 113 78 1
e 113 79 2
e 113 80 4
e 113 81 4
e 113 82 2
e 113 84 4
e 113 85 3
e 113 86 3
e 113 87 4
e 113 88 718
e 113 89 3
e 113 90 2
e 113 92 1
e 113 93 1
e 113 94 4
e 113 95 3
e 113 96 2
e 113 97 1
e 113 98 1
e 113 99 856
e 113 100 4
e 113 101 3
e 113 102 2
e 113 103 2
e 113 104 1
e 113 105 1
e 113 106 3
e 113 107 3
e 113 108 2
e 113 109 3
e 113 110 4
e 113 111 920
e 113 112 4
e 114 1 564
e 114 2 4
e 114 3 1
e 114 4 3
e 114 5 2
e 114 7 3
e 114 8 1
e 114 9 2
e 114 10 3
e 114 11 1
e 114 13 4
e 114 14 4
e 114 15 4
e 114 16 2
e 114 17 2
e 114 18 3
e 114 19 2
e 114 20 3
e 114 21 3
e 114 22 953
e 114 23 3
e 114 25 3
e 114 26 3
e 114 27 3
e 114 28 1
e 114 29 3
e 114 30 3
e 114 31 4
e 114 32 1
e 114 33 655
e 114 34 1
e 114 35 1
e 114 36 4
e 114 37 2
e 114 38 3
e 114 39 1
e 114 40 4
e 114 41 1
e 114 42 3
e 114 43 2
e 114 44 673
e 114 45 2
e 114 46 1
e 114 47 1
e 114 48 2
e 114 49 2
e 114 50 2
e 114 51 3
e 114 52 1
e 114 53 1
e 114 54 2
e 114 55 625
e 114 56 1
e 114 57 3
e 114 58 4
e 114 59 3
e 114 60 4
e 114 61 3
e 114 62 4
e 114 63 2
e 114 65 2
e 114 66 834
e 114 67 3
e 114 68 4
e 114 69 2
e 114 70 4
e 114 71 3
e 114 72 2
e 114 73 4
e 114 74 4
e 114 75 3
e 114 76 2
e 114 77 886
e 114 78 1
e 114 79 1
e 114 80 2
e 114 82 3
e 114 83 1
e 114 84 1
e 114 85 3
e 114 86 2
e 114 87 2
e 114 88 625
e 114 89 1
e 114 90 1
e 114 91 2
e 114 92 3
e 114 93 4
e 114 94 2
e 114 95 1
e 114 96 3
e 114 97 4
e 114 98 2
e 114 99 950
e 114 100 2
e 114 101 2
e 114 102 2
e 114 103 3
e 114 104 3
e 114 105 2
e 114 106 1
e 114 107 2
e 114 108 2
e 114 109 3
e 114 110 1
e 114 111 505
e 114 112 3
e 114 113 4
e 115 1 797
e 115 2 4
e 115 4 3
e 115 5 3
e 115 6 1
e 115 7 2
e 115 8 3
e 115 9 4
e 115 10 2
e 115 11 1
e 115 12 1
e 115 13 4
e 115 14 3
e 115 15 2
e 115 16 2
e 115 17 1
e 115 18 4
e 115 19 1
e 115 20 2
e 115 21 2
e 115 22 526
e 115 23 3
e 115 24 4
e 115 25 4
e 115 26 3
e 115 27 3
e 115 28 4
e 115 29 4
e 115 30 4
e 115 31 1
e 115 32 3
e 115 34 4
e 115 36 4
e 115 37 2
e 115 38 3
e 115 39 1
e 115 40 1
e 115 41 3
e 115 43 4
e 115 44 832
e 115 45 2
e 115 46 3
e 115 47 4
e 115 48 4
e 115 49 1
e 115 50 2
e 115 51 4
e 115 52 1
e 115 53 4
e 115 54 4
e 115 55 806
e 115 56 3
e 115 57 1
e 115 58 2
e 115 59 2
e 115 60 2
e 115 61 1
e 115 62 1
e 115 65 2
e 115 68 2
e 115 69 2
e 115 70 1
e 115 71 1
e 115 72 4
e 115 73 2
e 115 74 2
e 115 75 3
e 115 76 3
e 115 77 815
e 115 78 1
e 115 79 4
e 115 80 1
e 115 81 2
e 115 82 1
e 115 83 4
e 115 84 4
e 115 85 1
e 115 86 3
e 115 87 4
e 115 88 945
e 115 89 2
e 115 90 2
e 115 91 1
e 115 92 1
e 115 93 4
e 115 95 4
e 115 97 3
e 115 98 1
e 115 99 736
e 115 100 4
e 115 101 2
e 115 102 3
e 115 103 4
e 115 104 3
e 115 105 2
e 115 106 2
e 115 107 2
e 115 109 2
e 115 110 2
e 115 111 508
e 115 112 3
e 115 113 3
e 115 114 2
e 116 1 730
e 116 2 3
e 116 3 2
e 116 4 4
e 116 5 4
e 116 6 1
e 116 7 1
e 116 8 2
e 116 10 4
e 116 11 2
e 116 12 4
e 116 13 3
e 116 14 2
e 116 15 4
e 116 16 1
e 116 18 4
e 116 19 4
e 116 20 1
e 116 21 1
e 116 22 578
e 116 23 1
e 116 24 4
e 116 25 4
e 116 26 4
e 116 28 1
e 116 29 1
e 116 30 2
e 116 31 1
e 116 32 1
e 116 34 2
e 116 35 3
e 116 36 2
e 116 37 3
e 116 38 4
e 116 39 3
e 116 40 3
e 116 42 2
e 116 43 3
e 116 44 611
e 116 45 1
e 116 46 3
e 116 47 2
e 116 48 4
e 116 49 3
e 116 50 4
e 116 51 2
e 116 53 3
e 116 54 3
e 116 56 4
e 116 57 3
e 116 58 3
e 116 59 1
e 116 60 3
e 116 62 3
e 116 63 2
e 116 64 4
e 116 65 4
e 116 66 847
e 116 67 1
e 116 68 4
e 116 70 4
e 116 71 2
e 116 72 1
e 116 73 1
e 116 74 4
e 116 75 2
e 116 76 2
e 116 77 512
e 116 78 2
e 116 79 1
e 116 80 2
e 116 81 3
e 116 82 1
e 116 83 1
e 116 84 3
e 116 85 4
e 116 86 1
e 116 89 3
e 116 91 3
e 116 92 2
e 116 94 2
e 116 95 1
e 116 96 3
e 116 98 1
e 116 99 993
e 116 100 4
e 116 101 3
e 116 102 4
e 116 103 2
e 116 104 2
e 116 105 3
e 116 106 3
e 116 107 3
e 116 108 4
e 116 109 3
e 116 110 3
e 116 111 673
e 116 112 2
e 116 113 4
e 116 114 2
e 116 115 2
e 117 1 737
e 117 2 3
e 117 4 2
e 117 5 1
e 117 6 2
e 117 7 3
e 117 8 1
e 117 9 4
e 117 10 4
e 117 11 1
e 117 12 4
e 117 13 4
e 117 14 3
e 117 15 2
e 117 16 2
e 117 17 4
e 117 18 4
e 117 19 3
e 117 20 2
e 117 21 3
e 117 22 506
e 117 23 2
e 117 24 1
e 117 25 2
e 117 26 1
e 117 27 2
e 117 28 1
e 117 29 4
e 117 30 4
e 117 31 1
e 117 33 847
e 117 34 2
e 117 35 2
e 117 36 2
e 117 37 2
e 117 38 3
e 117 40 2
e 117 41 3
e 117 42 3
e 117 43 4
e 117 44 803
e 117 45 2
e 117 46 4
e 117 47 4
e 117 48 2
e 117 49 3
e 117 50 3
e 117 51 1
e 117 52 1
e 117 53 2
e 117 54 4
e 117 55 623
e 117 56 3
e 117 57 3
e 117 58 1
e 117 59 1
e 117 60 1
e 117 61 1
e 117 63 1
e 117 64 1
e 117 65 2
e 117 66 633
e 117 67 2
e 117 68 3
e 117 69 2
e 117 70 1
e 117 71 3
e 117 72 4
e 117 74 2
e 117 75 4
e 117 77 898
e 117 78 2
e 117 79 4
e 117 80 4
e 117 81 1
e 117 82 2
e 117 83 2
e 117 84 4
e 117 85 2
e 117 87 3
e 117 88 510
e 117 89 1
e 117 90 1
e 117 91 1
e 117 92 1
e 117 93 2
e 117 94 1
e 117 95 4
e 117 96 1
e 117 98 4
e 117 99 537
e 117 100 1
e 117 101 2
e 117 102 1
e 117 103 4
e 117 104 3
e 117 106 3
e 117 107 2
e 117 108 2
e 117 109 2
e 117 110 3
e 117 111 829
e 117 112 1
e 117 114 3
e 117 115 2
e 117 116 3
e 118 2 2
e 118 3 1
e 118 4 4
e 118 5 2
e 118 6 4
e 118 7 3
e 118 8 1
e 118 9 4
e 118 11 4
e 118 12 2
e 118 13 3
e 118 14 3
e 118 15 2
e 118 16 3
e 118 17 1
e 118 18 2
e 118 19 4
e 118 20 4
e 118 21 2
e 118 22 840
e 118 23 1
e 118 24 3
e 118 25 2
e 118 26 2
e 118 27 4
e 118 28 4
e 118 29 3
e 118 30 4
e 118 31 2
e 118 32 2
e 118 33 695
e 118 35 1
e 118 36 1
e 118 37 3
e 118 38 2
e 118 39 4
e 118 40 2
e 118 41 2
e 118 42 4
e 118 43 2
e 118 44 884
e 118 45 2
e 118 46 4
e 118 47 3
e 118 48 1
e 118 49 1
e 118 50 4
e 118 51 4
e 118 52 4
e 118 53 2
e 118 54 2
e 118 55 757
e 118 56 1
e 118 58 2
e 118 59 4
e 118 60 2
e 118 61 2
e 118 62 4
e 118 63 3
e 118 64 3
e 118 65 2
e 118 66 647
e 118 67 3
e 118 68 3
e 118 69 2
e 118 70 4
e 118 71 2
e 118 72 1
e 118 73 3
e 118 74 3
e 118 76 4
e 118 77 983
e 118 78 4
e 118 80 4
e 118 81 4
e 118 82 3
e 118 83 1
e 118 84 1
e 118 85 3
e 118 86 4
e 118 87 1
e 118 88 543
e 118 89 2
e 118 90 1
e 118 91 4
e 118 92 4
e 118 93 1
e 118 94 2
e 118 95 3
e 118 96 2
e 118 98 2
e 118 99 645
e 118 101 2
e 118 102 2
e 118 103 3
e 118 104 3
e 118 105 1
e 118 106 2
e 118 108 4
e 118 110 1
e 118 111 693
e 118 112 3
e 118 113 4
e 118 114 2
e 118 115 1
e 119 1 860
e 119 2 4
e 119 3 3
e 119 4 2
e 119 5 2
e 119 6 3
e 119 7 1
e 119 8 3
e 119 9 1
e 119 10 1
e 119 11 4
e 119 12 4
e 119 13 1
e 119 14 4
e 119 16 4
e 119 17 4
e 119 18 4
e 119 19 3
e 119 20 4
e 119 21 4
e 119 22 932
e 119 23 3
e 119 24 4
e 119 25 1
e 119 26 4
e 119 27 3
e 119 28 4
e 119 29 3
e 119 30 4
e 119 31 3
e 119 32 4
e 119 33 990
e 119 34 1
e 119 35 1
e 119 36 2
e 119 37 1
e 119 38 1
e 119 39 2
e 119 40 4
e 119 41 2
e 119 42 2
e 119 45 3
e 119 46 2
e 119 47 2
e 119 48 3
e 119 49 1
e 119 50 2
e 119 51 2
e 119 52 2
e 119 53 4
e 119 56 3
e 119 57 1
e 119 58 4
e 119 59 4
e 119 60 1
e 119 61 3
e 119 62 2
e 119 63 1
e 119 64 3
e 119 65 2
e 119 66 646
e 119 67 4
e 119 68 3
e 119 69 3
e 119 70 4
e 119 71 2
e 119 72 3
e 119 73 2
e 119 74 2
e 119 75 1
e 119 77 644
e 119 79 4
e 119 80 2
e 119 81 3
e 119 82 4
e 119 83 4
e 119 84 4
e 119 85 3
e 119 86 4
e 119 87 4
e 119 88 522
e 119 89 4
e 119 90 4
e 119 91 2
e 119 92 3
e 119 93 4
e 119 94 2
e 119 97 1
e 119 98 2
e 119 99 561
e 119 100 2
e 119 101 1
e 119 102 2
e 119 103 3
e 119 104 4
e 119 105 2
e 119 106 3
e 119 107 2
e 119 108 1
e 119 109 4
e 119 110 2
e 119 111 854
e 119 112 1
e 119 113 3
e 119 114 3
e 119 116 4
e 119 118 1
e 120 1 827
e 120 3 1
e 120 4 1
e 120 5 1
e 120 6 1
e 120 7 1
e 120 8 2
e 120 9 1
e 120 10 3
e 120 11 1
e 120 12 4
e 120 13 1
e 120 14 2
e 120 15 3
e 120 16 1
e 120 17 4
e 120 18 4
e 120 19 1
e 120 20 3
e 120 21 2
e 120 22 739
e 120 23 1
e 120 25 4
e 120 26 4
e 120 27 3
e 120 28 3
e 120 29 3
e 120 30 3
e 120 31 3
e 120 33 644
e 120 34 1
e 120 36 2
e 120 37 4
e 120 38 3
e 120 39 2
e 120 40 4
e 120 41 3
e 120 42 1
e 120 43 1
e 120 44 821
e 120 45 1
e 120 46 1
e 120 47 1
e 120 48 3
e 120 49 2
e 120 50 2
e 120 52 3
e 120 53 4
e 120 54 4
e 120 56 1
e 120 57 2
e 120 58 4
e 120 59 2
e 120 60 4
e 120 62 4
e 120 63 3
e 120 64 2
e 120 65 4
e 120 66 534
e 120 67 1
e 120 69 2
e 120 70 1
e 120 71 4
e 120 72 4
e 120 73 1
e 120 74 2
e 120 75 2
e 120 76 1
e 120 78 4
e 120 79 3
e 120 80 1
e 120 81 4
e 120 82 1
e 120 83 4
e 120 84 2
e 120 85 2
e 120 87 1
e 120 89 4
e 120 90 4
e 120 93 2
e 120 94 2
e 120 95 2
e 120 96 1
e 120 97 2
e 120 98 2
e 120 99 966
e 120 100 1
e 120 101 1
e 120 103 3
e 120 104 4
e 120 105 1
e 120 106 4
e 120 107 2
e 120 108 3
e 120 109 4
e 120 110 3
e 120 111 992
e 120 112 1
e 120 113 4
e 120 114 3
e 120 115 1
e 120 116 1
e 120 117 2
e 120 118 4
e 120 119 1
e 121 1 570
e 121 2 4
e 121 3 4
e 121 4 3
e 121 5 1
e 121 6 3
e 121 7 2
e 121 9 4
e 121 11 2
e 121 12 3
e 121 14 1
e 121 15 2
e 121 16 3
e 121 17 4
e 121 18 3
e 121 19 3
e 121 20 4
e 121 21 3
e 121 23 1
e 121 24 1
e 121 25 4
e 121 26 2
e 121 27 2
e 121 28 2
e 121 29 1
e 121 30 1
e 121 31 3
e 121 32 2
e 121 33 802
e 121 34 3
e 121 35 4
e 121 36 2
e 121 37 2
e 121 38 4
e 121 39 1
e 121 40 3
e 121 41 4
e 121 42 1
e 121 44 564
e 121 45 2
e 121 47 4
e 121 48 1
e 121 49 1
e 121 50 2
e 121 51 3
e 121 52 1
e 121 54 3
e 121 55 787
e 121 56 1
e 121 57 1
e 121 58 2
e 121 59 4
e 121 60 3
e 121 61 2
e 121 62 3
e 121 63 4
e 121 64 4
e 121 66 742
e 121 67 4
e 121 68 4
e 121 70 3
e 121 71 1
e 121 72 4
e 121 73 4
e 121 74 1
e 121 75 1
e 121 76 4
e 121 77 547
e 121 79 4
e 121 80 1
e 121 81 4
e 121 82 3
e 121 83 2
e 121 84 1
e 121 85 1
e 121 86 4
e 121 87 4
e 121 90 4
e 121 91 1
e 121 92 4
e 121 93 1
e 121 94 3
e 121 95 4
e 121 96 2
e 121 97 4
e 121 98 4
e 121 99 832
e 121 100 4
e 121 101 1
e 121 102 1
e 121 103 4
e 121 104 4
e 121 105 2
e 121 107 1
e 121 108 4
e 121 109 2
e 121 110 2
e 121 111 841
e 121 112 4
e 121 113 2
e 121 114 2
e 121 115 3
e 121 116 3
e 121 117 3
e 121 118 4
e 121 119 4
e 121 120 1
e 122 1 900
e 122 2 2
e 122 3 1
e 122 4 2
e 122 5 3
e 122 6 1
e 122 7 3
e 122 8 4
e 122 9 3
e 122 10 4
e 122 11 3
e 122 12 1
e 122 13 3
e 122 14 3
e 122 15 2
e 122 16 3
e 122 17 3
e 122 18 1
e 122 19 2
e 122 20 1
e 122 21 3
e 122 22 796
e 122 23 3
e 122 24 3
e 122 25 3
e 122 26 4
e 122 27 2
e 122 28 3
e 122 29 3
e 122 30 2
e 122 31 3
e 122 32 3
e 122 33 895
e 122 34 3
e 122 35 3
e 122 37 3
e 122 38 1
e 122 40 1
e 122 41 2
e 122 43 4
e 122 44 786
e 122 45 3
e 122 46 3
e 122 47 4
e 122 48 4
e 122 49 1
e 122 50 1
e 122 51 4
e 122 52 2
e 122 54 1
e 122 55 982
e 122 56 1
e 122 57 1
e 122 60 4
e 122 61 1
e 122 62 4
e 122 63 3
e 122 64 4
e 122 65 2
e 122 66 944
e 122 67 1
e 122 68 4
e 122 69 1
e 122 70 2
e 122 71 3
e 122 74 4
e 122 75 1
e 122 76 4
e 122 77 564
e 122 78 2
e 122 79 2
e 122 80 2
e 122 81 4
e 122 82 2
e 122 83 4
e 122 85 1
e 122 86 2
e 122 87 1
e 122 88 742
e 122 89 1
e 122 91 3
e 122 92 1
e 122 93 2
e 122 94 3
e 122 96 3
e 122 97 1
e 122 98 2
e 122 99 619
e 122 100 2
e 122 101 1
e 122 102 4
e 122 103 1
e 122 104 1
e 122 107 4
e 122 108 1
e 122 109 4
e 122 110 1
e 122 111 982
e 122 112 1
e 122 113 4
e 122 114 4
e 122 115 2
e 122 116 1
e 122 117 2
e 122 118 4
e 122 119 4
e 122 120 1
e 122 121 3
e 123 1 510
e 123 2 3
e 123 3 1
e 123 4 1
e 123 5 4
e 123 6 4
e 123 7 1
e 123 8 4
e 123 9 3
e 123 10 1
e 123 11 3
e 123 12 3
e 123 13 4
e 123 14 2
e 123 15 3
e 123 16 3
e 123 17 3
e 123 18 3
e 123 19 3
e 123 20 1
e 123 21 4
e 123 22 927
e 123 23 2
e 123 24 3
e 123 25 4
e 123 26 2
e 123 27 1
e 123 28 3
e 123 29 2
e 123 30 4
e 123 31 2
e 123 32 2
e 123 33 827
e 123 34 4
e 123 35 2
e 123 36 1
e 123 37 3
e 123 38 3
e 123 39 4
e 123 40 1
e 123 41 3
e 123 43 2
e 123 44 622
e 123 45 4
e 123 46 1
e 123 47 4
e 123 48 4
e 123 49 3
e 123 50 3
e 123 51 1
e 123 52 1
e 123 53 3
e 123 54 4
e 123 55 579
e 123 56 4
e 123 57 2
e 123 58 4
e 123 59 1
e 123 60 1
e 123 61 4
e 123 62 1
e 123 63 3
e 123 64 2
e 123 65 1
e 123 67 1
e 123 68 2
e 123 69 2
e 123 70 1
e 123 71 2
e 123 73 2
e 123 74 4
e 123 75 2
e 123 76 2
e 123 77 515
e 123 78 4
e 123 79 1
e 123 80 2
e 123 81 4
e 123 82 2
e 123 83 1
e 123 84 3
e 123 85 2
e 123 87 2
e 123 88 914
e 123 89 1
e 123 90 2
e 123 92 1
e 123 93 4
e 123 95 3
e 123 96 4
e 123 97 4
e 123 99 832
e 123 100 3
e 123 101 1
e 123 103 1
e 123 104 3
e 123 105 2
e 123 106 4
e 123 107 1
e 123 108 4
e 123 109 3
e 123 110 4
e 123 111 517
e 123 112 3
e 123 114 2
e 123 115 1
e 123 117 3
e 123 118 2
e 123 119 1
e 123 120 1
e 123 121 4
e 123 122 3
e 124 1 952
e 124 2 4
e 124 3 2
e 124 4 1
e 124 5 1
e 124 6 1
e 124 7 3
e 124 8 3
e 124 10 4
e 124 12 1
e 124 14 4
e 124 16 2
e 124 17 4
e 124 18 3
e 124 20 3
e 124 21 3
e 124 22 656
e 124 23 1
e 124 24 2
e 124 25 4
e 124 26 1
e 124 27 3
e 124 28 1
e 124 29 4
e 124 30 3
e 124 31 2
e 124 32 3
e 124 34 3
e 124 35 2
e 124 36 4
e 124 37 1
e 124 38 1
e 124 39 2
e 124 40 1
e 124 42 2
e 124 43 1
e 124 45 1
e 124 46 4
e 124 47 1
e 124 48 3
e 124 49 2
e 124 50 3
e 124 51 4
e 124 52 2
e 124 53 1
e 124 54 2
e 124 55 971
e 124 56 1
e 124 57 4
e 124 59 1
e 124 60 1
e 124 61 1
e 124 62 1
e 124 63 4
e 124 64 1
e 124 65 2
e 124 66 500
e 124 68 4
e 124 69 3
e 124 70 4
e 124 71 1
e 124 72 2
e 124 73 3
e 124 74 4
e 124 75 2
e 124 76 3
e 124 77 680
e 124 78 2
e 124 79 3
e 124 80 4
e 124 82 3
e 124 83 1
e 124 84 3
e 124 86 3
e 124 88 772
e 124 89 4
e 124 90 1
e 124 91 4
e 124 92 1
e 124 93 4
e 124 94 3
e 124 95 2
e 124 96 3
e 124 97 3
e 124 98 1
e 124 99 944
e 124 100 4
e 124 101 1
e 124 102 2
e 124 103 3
e 124 104 4
e 124 105 2
e 124 106 3
e 124 108 4
e 124 109 1
e 124 110 4
e 124 111 560
e 124 112 1
e 124 113 3
e 124 114 4
e 124 115 4
e 124 116 2
e 124 117 1
e 124 118 4
e 124 119 3
e 124 120 4
e 124 121 2
e 124 122 2
e 124 123 1
e 125 1 680
e 125 2 3
e 125 3 1
e 125 4 2
e 125 5 3
e 125 7 1
e 125 8 1
e 125 9 2
e 125 10 4
e 125 11 2
e 125 12 4
e 125 13 3
e 125 14 1
e 125 15 3
e 125 16 1
e 125 17 1
e 125 18 1
e 125 19 4
e 125 20 4
e 125 21 2
e 125 22 724
e 125 23 4
e 125 24 2
e 125 25 1
e 125 26 3
e 125 28 2
e 125 29 1
e 125 30 1
e 125 31 3
e 125 32 4
e 125 33 528
e 125 34 4
e 125 35 3
e 125 36 4
e 125 37 4
e 125 38 3
e 125 39 4
e 125 40 3
e 125 42 4
e 125 44 570
e 125 45 2
e 125 46 1
e 125 47 3
e 125 48 1
e 125 49 4
e 125 50 4
e 125 52 4
e 125 53 3
e 125 54 3
e 125 55 681
e 125 56 3
e 125 57 1
e 125 58 2
e 125 59 1
e 125 60 2
e 125 61 1
e 125 62 1
e 125 63 2
e 125 64 2
e 125 65 1
e 125 66 967
e 125 67 1
e 125 68 4
e 125 69 1
e 125 70 4
e 125 71 2
e 125 72 1
e 125 73 2
e 125 74 4
e 125 75 4
e 125 76 4
e 125 77 537
e 125 78 2
e 125 79 1
e 125 80 4
e 125 81 2
e 125 82 1
e 125 84 2
e 125 85 2
e 125 86 4
e 125 87 1
e 125 88 738
e 125 89 3
e 125 90 2
e 125 91 2
e 125 92 3
e 125 93 2
e 125 94 2
e 125 96 2
e 125 97 4
e 125 98 1
e 125 99 816
e 125 101 4
e 125 102 3
e 125 103 4
e 125 104 3
e 125 105 1
e 125 106 2
e 125 107 1
e 125 108 1
e 125 109 3
e 125 110 1
e 125 111 939
e 125 112 2
e 125 113 1
e 125 114 4
e 125 115 1
e 125 116 3
e 125 117 3
e 125 118 1
e 125 119 3
e 125 120 3
e 125 121 3
e 125 122 3
e 125 123 4
e 125 124 3
