DIMACS2
3 5 71 123
p edge 125 6963
e 2 1 1
e 3 1 1
e 4 1 1
e 4 2 1
e 4 3 1
e 5 1 872
e 5 2 921
e 5 3 941
e 5 4 608
e 6 1 1
e 6 2 1
e 6 3 1
e 6 4 1
e 6 5 675
e 7 1 1
e 7 2 1
e 7 3 1
e 7 4 1
e 7 5 980
e 7 6 1
e 8 1 1
e 8 2 1
e 8 3 1
e 8 4 1
e 8 5 739
e 8 6 1
e 8 7 1
e 9 1 1
e 9 2 1
e 9 3 1
e 9 4 1
e 9 5 935
e 9 6 1
e 9 7 1
e 9 8 1
e 10 1 1
e 10 2 1
e 10 3 1
e 10 4 1
e 10 5 897
e 10 6 1
e 10 7 1
e 10 8 1
e 10 9 1
e 11 1 1
e 11 2 1
e 11 3 1
e 11 4 1
e 11 5 819
e 11 6 1
e 11 7 1
e 11 8 1
e 11 9 1
e 11 10 1
e 12 2 1
e 12 3 1
e 12 4 1
e 12 5 782
e 12 6 1
e 12 7 1
e 12 10 1
e 12 11 1
e 13 1 1
e 13 3 1
e 13 4 1
e 13 5 868
e 13 6 1
e 13 7 1
e 13 8 1
e 13 9 1
e 13 10 1
e 13 11 1
e 13 12 1
e 14 1 1
e 14 2 1
e 14 3 1
e 14 4 1
e 14 5 684
e 14 8 1
e 14 9 1
e 14 10 1
e 14 11 1
e 14 12 1
e 15 1 1
e 15 3 1
e 15 4 1
e 15 5 680
e 15 7 1
e 15 8 1
e 15 9 1
e 15 10 1
e 15 13 1
e 15 14 1
e 16 1 1
e 16 2 1
e 16 4 1
e 16 5 803
e 16 6 1
e 16 7 1
e 16 8 1
e 16 9 1
e 16 10 1
e 16 11 1
e 16 12 1
e 16 13 1
e 16 14 1
e 16 15 1
e 17 1 1
e 17 2 1
e 17 3 1
e 17 4 1
e 17 5 789
e 17 6 1
e 17 7 1
e 17 8 1
e 17 9 1
e 17 10 1
e 17 11 1
e 17 12 1
e 17 13 1
e 17 14 1
e 17 15 1
e 17 16 1
e 18 1 1
e 18 2 1
e 18 3 1
e 18 4 1
e 18 5 811
e 18 6 1
e 18 7 1
e 18 8 1
e 18 9 1
e 18 10 1
e 18 11 1
e 18 12 1
e 18 13 1
e 18 14 1
e 18 15 1
e 18 16 1
e 18 17 1
e 19 1 1
e 19 2 1
e 19 3 1
e 19 4 1
e 19 5 804
e 19 6 1
e 19 7 1
e 19 8 1
e 19 9 1
e 19 10 1
e 19 11 1
e 19 12 1
e 19 13 1
e 19 14 1
e 19 15 1
e 19 16 1
e 19 17 1
e 19 18 1
e 20 1 1
e 20 3 1
e 20 4 1
e 20 6 1
e 20 7 1
e 20 8 1
e 20 9 1
e 20 11 1
e 20 12 1
e 20 13 1
e 20 14 1
e 20 15 1
e 20 16 1
e 20 17 1
e 20 18 1
e 21 1 1
e 21 2 1
e 21 3 1
e 21 4 1
e 21 5 523
e 21 6 1
e 21 7 1
e 21 8 1
e 21 9 1
e 21 10 1
e 21 11 1
e 21 12 1
e 21 13 1
e 21 14 1
e 21 15 1
e 21 17 1
e 21 18 1
e 21 19 1
e 21 20 1
e 22 1 1
e 22 2 1
e 22 6 1
e 22 7 1
e 22 8 1
e 22 9 1
e 22 10 1
e 22 11 1
e 22 12 1
e 22 13 1
e 22 14 1
e 22 15 1
e 22 16 1
e 22 17 1
e 22 18 1
e 22 19 1
e 22 20 1
e 22 21 1
e 23 1 1
e 23 2 1
e 23 3 1
e 23 4 1
e 23 6 1
e 23 7 1
e 23 8 1
e 23 9 1
e 23 10 1
e 23 11 1
e 23 12 1
e 23 13 1
e 23 14 1
e 23 15 1
e 23 17 1
e 23 18 1
e 23 19 1
e 23 20 1
e 23 21 1
e 24 1 1
e 24 2 1
e 24 3 1
e 24 4 1
e 24 5 545
e 24 6 1
e 24 7 1
e 24 8 1
e 24 9 1
e 24 10 1
e 24 11 1
e 24 12 1
e 24 13 1
e 24 14 1
e 24 15 1
e 24 16 1
e 24 17 1
e 24 18 1
e 24 19 1
e 24 20 1
e 24 22 1
e 24 23 1
e 25 1 1
e 25 2 1
e 25 3 1
e 25 5 901
e 25 6 1
e 25 7 1
e 25 8 1
e 25 9 1
e 25 10 1
e 25 11 1
e 25 12 1
e 25 13 1
e 25 14 1
e 25 15 1
e 25 17 1
e 25 18 1
e 25 19 1
e 25 20 1
e 25 22 1
e 25 24 1
e 26 1 1
e 26 2 1
e 26 3 1
e 26 4 1
e 26 5 712
e 26 6 1
e 26 7 1
e 26 8 1
e 26 10 1
e 26 12 1
e 26 13 1
e 26 14 1
e 26 15 1
e 26 16 1
e 26 17 1
e 26 18 1
e 26 19 1
e 26 20 1
e 26 21 1
e 26 22 1
e 26 23 1
e 26 24 1
e 26 25 1
e 27 1 1
e 27 2 1
e 27 3 1
e 27 4 1
e 27 6 1
e 27 7 1
e 27 8 1
e 27 9 1
e 27 10 1
e 27 11 1
e 27 12 1
e 27 13 1
e 27 14 1
e 27 15 1
e 27 16 1
e 27 17 1
e 27 19 1
e 27 20 1
e 27 22 1
e 27 23 1
e 27 24 1
e 27 25 1
e 28 1 1
e 28 2 1
e 28 3 1
e 28 4 1
e 28 6 1
e 28 7 1
e 28 8 1
e 28 9 1
e 28 10 1
e 28 11 1
e 28 12 1
e 28 13 1
e 28 15 1
e 28 16 1
e 28 17 1
e 28 18 1
e 28 19 1
e 28 20 1
e 28 21 1
e 28 22 1
e 28 23 1
e 28 24 1
e 28 26 1
e 28 27 1
e 29 1 1
e 29 2 1
e 29 3 1
e 29 4 1
e 29 5 974
e 29 6 1
e 29 7 1
e 29 8 1
e 29 9 1
e 29 11 1
e 29 12 1
e 29 13 1
e 29 14 1
e 29 15 1
e 29 17 1
e 29 18 1
e 29 19 1
e 29 20 1
e 29 21 1
e 29 22 1
e 29 23 1
e 29 24 1
e 29 25 1
e 29 26 1
e 29 27 1
e 29 28 1
e 30 1 1
e 30 2 1
e 30 3 1
e 30 4 1
e 30 5 647
e 30 6 1
e 30 8 1
e 30 9 1
e 30 10 1
e 30 11 1
e 30 12 1
e 30 13 1
e 30 14 1
e 30 15 1
e 30 16 1
e 30 19 1
e 30 20 1
e 30 22 1
e 30 23 1
e 30 24 1
e 30 25 1
e 30 26 1
e 30 27 1
e 30 28 1
e 30 29 1
e 31 1 1
e 31 2 1
e 31 5 643
e 31 7 1
e 31 8 1
e 31 9 1
e 31 10 1
e 31 11 1
e 31 12 1
e 31 13 1
e 31 14 1
e 31 15 1
e 31 16 1
e 31 17 1
e 31 18 1
e 31 19 1
e 31 20 1
e 31 21 1
e 31 23 1
e 31 24 1
e 31 25 1
e 31 26 1
e 31 29 1
e 31 30 1
e 32 1 1
e 32 2 1
e 32 3 1
e 32 4 1
e 32 5 960
e 32 6 1
e 32 7 1
e 32 8 1
e 32 10 1
e 32 11 1
e 32 12 1
e 32 13 1
e 32 14 1
e 32 16 1
e 32 17 1
e 32 18 1
e 32 19 1
e 32 20 1
e 32 21 1
e 32 22 1
e 32 24 1
e 32 25 1
e 32 26 1
e 32 27 1
e 32 28 1
e 32 29 1
e 32 30 1
e 32 31 1
e 33 1 1
e 33 2 1
e 33 3 1
e 33 4 1
e 33 6 1
e 33 7 1
e 33 8 1
e 33 9 1
e 33 11 1
e 33 13 1
e 33 14 1
e 33 15 1
e 33 16 1
e 33 18 1
e 33 19 1
e 33 20 1
e 33 21 1
e 33 22 1
e 33 23 1
e 33 24 1
e 33 25 1
e 33 26 1
e 33 27 1
e 33 28 1
e 33 29 1
e 33 30 1
e 33 31 1
e 33 32 1
e 34 1 1
e 34 2 1
e 34 5 776
e 34 6 1
e 34 7 1
e 34 8 1
e 34 9 1
e 34 11 1
e 34 12 1
e 34 13 1
e 34 14 1
e 34 15 1
e 34 16 1
e 34 17 1
e 34 18 1
e 34 19 1
e 34 20 1
e 34 21 1
e 34 22 1
e 34 23 1
e 34 24 1
e 34 25 1
e 34 26 1
e 34 27 1
e 34 28 1
e 34 29 1
e 34 30 1
e 34 31 1
e 34 33 1
e 35 1 1
e 35 2 1
e 35 4 1
e 35 5 874
e 35 6 1
e 35 7 1
e 35 8 1
e 35 9 1
e 35 10 1
e 35 11 1
e 35 12 1
e 35 13 1
e 35 15 1
e 35 16 1
e 35 17 1
e 35 18 1
e 35 19 1
e 35 21 1
e 35 22 1
e 35 23 1
e 35 24 1
e 35 26 1
e 35 27 1
e 35 28 1
e 35 29 1
e 35 30 1
e 35 31 1
e 35 32 1
e 35 33 1
e 35 34 1
e 36 1 1
e 36 2 1
e 36 3 1
e 36 4 1
e 36 5 567
e 36 6 1
e 36 7 1
e 36 8 1
e 36 9 1
e 36 10 1
e 36 11 1
e 36 12 1
e 36 13 1
e 36 14 1
e 36 15 1
e 36 16 1
e 36 17 1
e 36 18 1
e 36 19 1
e 36 20 1
e 36 21 1
e 36 22 1
e 36 23 1
e 36 24 1
e 36 25 1
e 36 26 1
e 36 27 1
e 36 28 1
e 36 29 1
e 36 30 1
e 36 31 1
e 36 32 1
e 36 34 1
e 36 35 1
e 37 2 1
e 37 3 1
e 37 4 1
e 37 5 917
e 37 6 1
e 37 7 1
e 37 8 1
e 37 9 1
e 37 10 1
e 37 11 1
e 37 12 1
e 37 13 1
e 37 14 1
e 37 15 1
e 37 16 1
e 37 17 1
e 37 18 1
e 37 19 1
e 37 20 1
e 37 21 1
e 37 23 1
e 37 24 1
e 37 25 1
e 37 27 1
e 37 28 1
e 37 29 1
e 37 30 1
e 37 31 1
e 37 32 1
e 37 33 1
e 37 34 1
e 37 35 1
e 37 36 1
e 38 1 1
e 38 2 1
e 38 3 1
e 38 4 1
e 38 6 1
e 38 7 1
e 38 8 1
e 38 9 1
e 38 10 1
e 38 11 1
e 38 12 1
e 38 13 1
e 38 14 1
e 38 16 1
e 38 17 1
e 38 18 1
e 38 19 1
e 38 20 1
e 38 22 1
e 38 23 1
e 38 24 1
e 38 26 1
e 38 27 1
e 38 29 1
e 38 30 1
e 38 31 1
e 38 32 1
e 38 33 1
e 38 34 1
e 38 35 1
e 38 36 1
e 38 37 1
e 39 1 1
e 39 2 1
e 39 3 1
e 39 4 1
e 39 5 886
e 39 6 1
e 39 7 1
e 39 8 1
e 39 9 1
e 39 10 1
e 39 11 1
e 39 12 1
e 39 13 1
e 39 14 1
e 39 15 1
e 39 16 1
e 39 17 1
e 39 18 1
e 39 19 1
e 39 20 1
e 39 21 1
e 39 22 1
e 39 23 1
e 39 24 1
e 39 25 1
e 39 26 1
e 39 27 1
e 39 28 1
e 39 29 1
e 39 30 1
e 39 31 1
e 39 32 1
e 39 33 1
e 39 34 1
e 39 35 1
e 39 36 1
e 39 37 1
e 39 38 1
e 40 1 1
e 40 2 1
e 40 3 1
e 40 4 1
e 40 5 861
e 40 6 1
e 40 7 1
e 40 9 1
e 40 10 1
e 40 11 1
e 40 12 1
e 40 13 1
e 40 14 1
e 40 15 1
e 40 17 1
e 40 18 1
e 40 19 1
e 40 20 1
e 40 21 1
e 40 22 1
e 40 23 1
e 40 24 1
e 40 25 1
e 40 26 1
e 40 27 1
e 40 28 1
e 40 29 1
e 40 30 1
e 40 31 1
e 40 32 1
e 40 33 1
e 40 34 1
e 40 35 1
e 40 36 1
e 40 38 1
e 40 39 1
e 41 1 1
e 41 2 1
e 41 3 1
e 41 4 1
e 41 5 889
e 41 6 1
e 41 7 1
e 41 8 1
e 41 9 1
e 41 10 1
e 41 11 1
e 41 12 1
e 41 13 1
e 41 14 1
e 41 15 1
e 41 16 1
e 41 17 1
e 41 18 1
e 41 19 1
e 41 20 1
e 41 21 1
e 41 22 1
e 41 24 1
e 41 25 1
e 41 26 1
e 41 27 1
e 41 28 1
e 41 29 1
e 41 30 1
e 41 31 1
e 41 32 1
e 41 33 1
e 41 34 1
e 41 35 1
e 41 36 1
e 41 38 1
e 41 39 1
e 41 40 1
e 42 2 1
e 42 4 1
e 42 5 917
e 42 6 1
e 42 7 1
e 42 8 1
e 42 9 1
e 42 10 1
e 42 11 1
e 42 12 1
e 42 13 1
e 42 15 1
e 42 16 1
e 42 18 1
e 42 19 1
e 42 20 1
e 42 21 1
e 42 22 1
e 42 23 1
e 42 24 1
e 42 26 1
e 42 27 1
e 42 28 1
e 42 29 1
e 42 30 1
e 42 31 1
e 42 32 1
e 42 33 1
e 42 35 1
e 42 36 1
e 42 37 1
e 42 38 1
e 42 39 1
e 42 40 1
e 42 41 1
e 43 1 1
e 43 2 1
e 43 3 1
e 43 4 1
e 43 5 746
e 43 6 1
e 43 7 1
e 43 8 1
e 43 9 1
e 43 10 1
e 43 11 1
e 43 13 1
e 43 14 1
e 43 15 1
e 43 16 1
e 43 18 1
e 43 19 1
e 43 20 1
e 43 21 1
e 43 22 1
e 43 23 1
e 43 24 1
e 43 25 1
e 43 26 1
e 43 27 1
e 43 28 1
e 43 29 1
e 43 30 1
e 43 31 1
e 43 32 1
e 43 33 1
e 43 34 1
e 43 35 1
e 43 36 1
e 43 38 1
e 43 39 1
e 43 40 1
e 43 41 1
e 43 42 1
e 44 1 1
e 44 2 1
e 44 3 1
e 44 4 1
e 44 5 975
e 44 6 1
e 44 7 1
e 44 9 1
e 44 10 1
e 44 11 1
e 44 12 1
e 44 13 1
e 44 14 1
e 44 15 1
e 44 17 1
e 44 18 1
e 44 19 1
e 44 20 1
e 44 21 1
e 44 22 1
e 44 23 1
e 44 24 1
e 44 25 1
e 44 26 1
e 44 28 1
e 44 29 1
e 44 31 1
e 44 32 1
e 44 33 1
e 44 34 1
e 44 35 1
e 44 36 1
e 44 37 1
e 44 38 1
e 44 39 1
e 44 40 1
e 44 41 1
e 44 42 1
e 44 43 1
e 45 1 1
e 45 2 1
e 45 3 1
e 45 4 1
e 45 5 598
e 45 6 1
e 45 7 1
e 45 8 1
e 45 9 1
e 45 10 1
e 45 11 1
e 45 12 1
e 45 13 1
e 45 14 1
e 45 15 1
e 45 16 1
e 45 17 1
e 45 18 1
e 45 19 1
e 45 20 1
e 45 21 1
e 45 22 1
e 45 23 1
e 45 24 1
e 45 25 1
e 45 26 1
e 45 27 1
e 45 28 1
e 45 29 1
e 45 30 1
e 45 31 1
e 45 32 1
e 45 33 1
e 45 34 1
e 45 35 1
e 45 36 1
e 45 37 1
e 45 38 1
e 45 39 1
e 45 40 1
e 45 41 1
e 45 42 1
e 45 43 1
e 45 44 1
e 46 1 1
e 46 2 1
e 46 3 1
e 46 4 1
e 46 5 716
e 46 6 1
e 46 7 1
e 46 8 1
e 46 10 1
e 46 11 1
e 46 12 1
e 46 13 1
e 46 14 1
e 46 15 1
e 46 16 1
e 46 17 1
e 46 18 1
e 46 19 1
e 46 20 1
e 46 21 1
e 46 22 1
e 46 23 1
e 46 24 1
e 46 25 1
e 46 26 1
e 46 27 1
e 46 28 1
e 46 30 1
e 46 31 1
e 46 32 1
e 46 33 1
e 46 34 1
e 46 35 1
e 46 36 1
e 46 37 1
e 46 39 1
e 46 40 1
e 46 41 1
e 46 43 1
e 46 44 1
e 46 45 1
e 47 1 1
e 47 2 1
e 47 3 1
e 47 4 1
e 47 5 813
e 47 6 1
e 47 7 1
e 47 8 1
e 47 9 1
e 47 10 1
e 47 11 1
e 47 12 1
e 47 13 1
e 47 14 1
e 47 15 1
e 47 16 1
e 47 17 1
e 47 18 1
e 47 19 1
e 47 20 1
e 47 21 1
e 47 22 1
e 47 23 1
e 47 24 1
e 47 25 1
e 47 26 1
e 47 27 1
e 47 28 1
e 47 29 1
e 47 30 1
e 47 31 1
e 47 32 1
e 47 33 1
e 47 34 1
e 47 35 1
e 47 36 1
e 47 37 1
e 47 38 1
e 47 39 1
e 47 40 1
e 47 41 1
e 47 42 1
e 47 43 1
e 47 44 1
e 47 45 1
e 48 1 1
e 48 2 1
e 48 3 1
e 48 5 512
e 48 6 1
e 48 7 1
e 48 8 1
e 48 9 1
e 48 10 1
e 48 11 1
e 48 12 1
e 48 14 1
e 48 15 1
e 48 16 1
e 48 17 1
e 48 18 1
e 48 19 1
e 48 20 1
e 48 21 1
e 48 22 1
e 48 23 1
e 48 24 1
e 48 25 1
e 48 26 1
e 48 27 1
e 48 29 1
e 48 30 1
e 48 31 1
e 48 32 1
e 48 33 1
e 48 34 1
e 48 35 1
e 48 36 1
e 48 38 1
e 48 39 1
e 48 40 1
e 48 41 1
e 48 42 1
e 48 43 1
e 48 44 1
e 48 45 1
e 48 46 1
e 48 47 1
e 49 1 1
e 49 2 1
e 49 3 1
e 49 4 1
e 49 5 693
e 49 6 1
e 49 7 1
e 49 8 1
e 49 9 1
e 49 10 1
e 49 11 1
e 49 12 1
e 49 13 1
e 49 14 1
e 49 15 1
e 49 16 1
e 49 17 1
e 49 18 1
e 49 19 1
e 49 20 1
e 49 21 1
e 49 22 1
e 49 23 1
e 49 24 1
e 49 25 1
e 49 26 1
e 49 27 1
e 49 28 1
e 49 29 1
e 49 30 1
e 49 31 1
e 49 32 1
e 49 33 1
e 49 34 1
e 49 35 1
e 49 36 1
e 49 37 1
e 49 38 1
e 49 39 1
e 49 40 1
e 49 42 1
e 49 43 1
e 49 44 1
e 49 45 1
e 49 46 1
e 49 47 1
e 49 48 1
e 50 1 1
e 50 2 1
e 50 3 1
e 50 4 1
e 50 5 766
e 50 6 1
e 50 7 1
e 50 8 1
e 50 9 1
e 50 10 1
e 50 11 1
e 50 12 1
e 50 13 1
e 50 14 1
e 50 15 1
e 50 16 1
e 50 18 1
e 50 19 1
e 50 20 1
e 50 21 1
e 50 22 1
e 50 24 1
e 50 25 1
e 50 26 1
e 50 28 1
e 50 29 1
e 50 31 1
e 50 32 1
e 50 33 1
e 50 34 1
e 50 35 1
e 50 37 1
e 50 38 1
e 50 39 1
e 50 40 1
e 50 41 1
e 50 42 1
e 50 43 1
e 50 44 1
e 50 45 1
e 50 47 1
e 50 48 1
e 50 49 1
e 51 1 1
e 51 2 1
e 51 3 1
e 51 4 1
e 51 5 977
e 51 6 1
e 51 7 1
e 51 8 1
e 51 9 1
e 51 10 1
e 51 12 1
e 51 13 1
e 51 14 1
e 51 16 1
e 51 17 1
e 51 18 1
e 51 19 1
e 51 20 1
e 51 21 1
e 51 22 1
e 51 23 1
e 51 24 1
e 51 25 1
e 51 26 1
e 51 27 1
e 51 28 1
e 51 29 1
e 51 30 1
e 51 31 1
e 51 33 1
e 51 34 1
e 51 35 1
e 51 37 1
e 51 39 1
e 51 40 1
e 51 41 1
e 51 43 1
e 51 44 1
e 51 45 1
e 51 46 1
e 51 47 1
e 51 49 1
e 51 50 1
e 52 1 1
e 52 2 1
e 52 3 1
e 52 4 1
e 52 5 698
e 52 6 1
e 52 7 1
e 52 8 1
e 52 9 1
e 52 10 1
e 52 11 1
e 52 12 1
e 52 13 1
e 52 14 1
e 52 15 1
e 52 16 1
e 52 17 1
e 52 19 1
e 52 20 1
e 52 21 1
e 52 22 1
e 52 23 1
e 52 24 1
e 52 25 1
e 52 27 1
e 52 28 1
e 52 29 1
e 52 30 1
e 52 31 1
e 52 32 1
e 52 33 1
e 52 34 1
e 52 35 1
e 52 36 1
e 52 37 1
e 52 38 1
e 52 39 1
e 52 40 1
e 52 41 1
e 52 42 1
e 52 43 1
e 52 44 1
e 52 45 1
e 52 47 1
e 52 49 1
e 52 50 1
e 52 51 1
e 53 3 1
e 53 4 1
e 53 5 930
e 53 6 1
e 53 7 1
e 53 8 1
e 53 9 1
e 53 10 1
e 53 11 1
e 53 12 1
e 53 13 1
e 53 14 1
e 53 15 1
e 53 17 1
e 53 18 1
e 53 19 1
e 53 20 1
e 53 21 1
e 53 22 1
e 53 23 1
e 53 24 1
e 53 25 1
e 53 26 1
e 53 27 1
e 53 28 1
e 53 30 1
e 53 31 1
e 53 32 1
e 53 33 1
e 53 34 1
e 53 35 1
e 53 36 1
e 53 37 1
e 53 38 1
e 53 39 1
e 53 40 1
e 53 41 1
e 53 42 1
e 53 43 1
e 53 45 1
e 53 46 1
e 53 47 1
e 53 48 1
e 53 49 1
e 53 50 1
e 53 51 1
e 53 52 1
e 54 1 1
e 54 2 1
e 54 3 1
e 54 4 1
e 54 5 792
e 54 6 1
e 54 7 1
e 54 8 1
e 54 9 1
e 54 11 1
e 54 12 1
e 54 13 1
e 54 14 1
e 54 15 1
e 54 16 1
e 54 17 1
e 54 18 1
e 54 19 1
e 54 20 1
e 54 21 1
e 54 22 1
e 54 23 1
e 54 24 1
e 54 25 1
e 54 26 1
e 54 27 1
e 54 28 1
e 54 29 1
e 54 31 1
e 54 32 1
e 54 33 1
e 54 34 1
e 54 35 1
e 54 36 1
e 54 37 1
e 54 38 1
e 54 39 1
e 54 40 1
e 54 41 1
e 54 42 1
e 54 43 1
e 54 44 1
e 54 45 1
e 54 46 1
e 54 47 1
e 54 48 1
e 54 49 1
e 54 50 1
e 54 51 1
e 54 52 1
e 54 53 1
e 55 1 1
e 55 3 1
e 55 4 1
e 55 5 787
e 55 6 1
e 55 7 1
e 55 8 1
e 55 9 1
e 55 10 1
e 55 11 1
e 55 12 1
e 55 13 1
e 55 14 1
e 55 15 1
e 55 16 1
e 55 17 1
e 55 18 1
e 55 19 1
e 55 20 1
e 55 21 1
e 55 22 1
e 55 23 1
e 55 24 1
e 55 25 1
e 55 26 1
e 55 27 1
e 55 28 1
e 55 29 1
e 55 30 1
e 55 31 1
e 55 32 1
e 55 33 1
e 55 34 1
e 55 35 1
e 55 36 1
e 55 37 1
e 55 38 1
e 55 39 1
e 55 40 1
e 55 42 1
e 55 43 1
e 55 44 1
e 55 45 1
e 55 46 1
e 55 47 1
e 55 49 1
e 55 50 1
e 55 51 1
e 55 52 1
e 55 54 1
e 56 4 1
e 56 5 524
e 56 6 1
e 56 7 1
e 56 8 1
e 56 9 1
e 56 10 1
e 56 11 1
e 56 12 1
e 56 13 1
e 56 14 1
e 56 15 1
e 56 16 1
e 56 18 1
e 56 19 1
e 56 20 1
e 56 21 1
e 56 22 1
e 56 23 1
e 56 24 1
e 56 25 1
e 56 27 1
e 56 28 1
e 56 29 1
e 56 30 1
e 56 31 1
e 56 32 1
e 56 33 1
e 56 34 1
e 56 35 1
e 56 37 1
e 56 38 1
e 56 40 1
e 56 41 1
e 56 42 1
e 56 43 1
e 56 45 1
e 56 46 1
e 56 47 1
e 56 48 1
e 56 49 1
e 56 50 1
e 56 51 1
e 56 52 1
e 56 53 1
e 56 54 1
e 57 1 1
e 57 2 1
e 57 4 1
e 57 5 706
e 57 6 1
e 57 7 1
e 57 8 1
e 57 9 1
e 57 10 1
e 57 11 1
e 57 12 1
e 57 13 1
e 57 14 1
e 57 16 1
e 57 17 1
e 57 19 1
e 57 20 1
e 57 22 1
e 57 23 1
e 57 24 1
e 57 25 1
e 57 26 1
e 57 28 1
e 57 29 1
e 57 30 1
e 57 31 1
e 57 32 1
e 57 33 1
e 57 34 1
e 57 35 1
e 57 36 1
e 57 37 1
e 57 38 1
e 57 39 1
e 57 40 1
e 57 41 1
e 57 42 1
e 57 43 1
e 57 45 1
e 57 46 1
e 57 47 1
e 57 50 1
e 57 51 1
e 57 52 1
e 57 54 1
e 57 55 1
e 57 56 1
e 58 1 1
e 58 2 1
e 58 3 1
e 58 4 1
e 58 5 561
e 58 6 1
e 58 9 1
e 58 10 1
e 58 11 1
e 58 12 1
e 58 13 1
e 58 14 1
e 58 15 1
e 58 16 1
e 58 17 1
e 58 18 1
e 58 19 1
e 58 20 1
e 58 21 1
e 58 22 1
e 58 23 1
e 58 24 1
e 58 25 1
e 58 26 1
e 58 27 1
e 58 28 1
e 58 29 1
e 58 30 1
e 58 31 1
e 58 32 1
e 58 33 1
e 58 35 1
e 58 36 1
e 58 37 1
e 58 38 1
e 58 39 1
e 58 40 1
e 58 41 1
e 58 42 1
e 58 43 1
e 58 44 1
e 58 45 1
e 58 46 1
e 58 47 1
e 58 48 1
e 58 49 1
e 58 51 1
e 58 52 1
e 58 53 1
e 58 54 1
e 58 55 1
e 58 56 1
e 58 57 1
e 59 1 1
e 59 2 1
e 59 3 1
e 59 4 1
e 59 5 579
e 59 6 1
e 59 7 1
e 59 8 1
e 59 9 1
e 59 10 1
e 59 12 1
e 59 13 1
e 59 14 1
e 59 15 1
e 59 16 1
e 59 17 1
e 59 18 1
e 59 19 1
e 59 20 1
e 59 21 1
e 59 22 1
e 59 23 1
e 59 24 1
e 59 25 1
e 59 26 1
e 59 27 1
e 59 28 1
e 59 29 1
e 59 30 1
e 59 31 1
e 59 32 1
e 59 33 1
e 59 34 1
e 59 35 1
e 59 36 1
e 59 37 1
e 59 38 1
e 59 40 1
e 59 41 1
e 59 42 1
e 59 43 1
e 59 44 1
e 59 45 1
e 59 46 1
e 59 47 1
e 59 48 1
e 59 50 1
e 59 51 1
e 59 52 1
e 59 53 1
e 59 54 1
e 59 55 1
e 59 56 1
e 59 57 1
e 59 58 1
e 60 1 1
e 60 2 1
e 60 3 1
e 60 4 1
e 60 5 952
e 60 6 1
e 60 7 1
e 60 8 1
e 60 9 1
e 60 10 1
e 60 11 1
e 60 12 1
e 60 13 1
e 60 14 1
e 60 15 1
e 60 16 1
e 60 18 1
e 60 20 1
e 60 21 1
e 60 22 1
e 60 23 1
e 60 24 1
e 60 25 1
e 60 26 1
e 60 27 1
e 60 28 1
e 60 29 1
e 60 30 1
e 60 31 1
e 60 32 1
e 60 33 1
e 60 34 1
e 60 35 1
e 60 37 1
e 60 38 1
e 60 39 1
e 60 40 1
e 60 41 1
e 60 42 1
e 60 43 1
e 60 44 1
e 60 45 1
e 60 46 1
e 60 47 1
e 60 48 1
e 60 49 1
e 60 50 1
e 60 51 1
e 60 52 1
e 60 53 1
e 60 54 1
e 60 55 1
e 60 56 1
e 60 57 1
e 60 58 1
e 60 59 1
e 61 1 1
e 61 2 1
e 61 3 1
e 61 4 1
e 61 5 557
e 61 6 1
e 61 7 1
e 61 8 1
e 61 9 1
e 61 10 1
e 61 11 1
e 61 12 1
e 61 13 1
e 61 14 1
e 61 15 1
e 61 16 1
e 61 17 1
e 61 18 1
e 61 20 1
e 61 21 1
e 61 23 1
e 61 24 1
e 61 25 1
e 61 26 1
e 61 27 1
e 61 28 1
e 61 29 1
e 61 30 1
e 61 31 1
e 61 32 1
e 61 33 1
e 61 34 1
e 61 37 1
e 61 38 1
e 61 39 1
e 61 40 1
e 61 41 1
e 61 43 1
e 61 44 1
e 61 45 1
e 61 46 1
e 61 48 1
e 61 49 1
e 61 50 1
e 61 51 1
e 61 53 1
e 61 54 1
e 61 55 1
e 61 56 1
e 61 57 1
e 61 58 1
e 61 59 1
e 61 60 1
e 62 1 1
e 62 2 1
e 62 3 1
e 62 4 1
e 62 5 606
e 62 6 1
e 62 7 1
e 62 8 1
e 62 9 1
e 62 10 1
e 62 11 1
e 62 12 1
e 62 13 1
e 62 14 1
e 62 15 1
e 62 16 1
e 62 17 1
e 62 19 1
e 62 20 1
e 62 22 1
e 62 23 1
e 62 25 1
e 62 26 1
e 62 28 1
e 62 29 1
e 62 30 1
e 62 31 1
e 62 33 1
e 62 35 1
e 62 36 1
e 62 37 1
e 62 38 1
e 62 39 1
e 62 40 1
e 62 41 1
e 62 42 1
e 62 43 1
e 62 44 1
e 62 45 1
e 62 46 1
e 62 48 1
e 62 49 1
e 62 50 1
e 62 51 1
e 62 52 1
e 62 53 1
e 62 54 1
e 62 55 1
e 62 56 1
e 62 57 1
e 62 58 1
e 62 59 1
e 62 60 1
e 62 61 1
e 63 1 1
e 63 2 1
e 63 3 1
e 63 4 1
e 63 5 647
e 63 6 1
e 63 7 1
e 63 8 1
e 63 9 1
e 63 10 1
e 63 11 1
e 63 12 1
e 63 13 1
e 63 15 1
e 63 16 1
e 63 17 1
e 63 18 1
e 63 19 1
e 63 20 1
e 63 21 1
e 63 22 1
e 63 23 1
e 63 24 1
e 63 26 1
e 63 27 1
e 63 28 1
e 63 29 1
e 63 30 1
e 63 31 1
e 63 33 1
e 63 34 1
e 63 35 1
e 63 36 1
e 63 37 1
e 63 38 1
e 63 39 1
e 63 40 1
e 63 41 1
e 63 43 1
e 63 44 1
e 63 45 1
e 63 46 1
e 63 47 1
e 63 48 1
e 63 49 1
e 63 50 1
e 63 52 1
e 63 53 1
e 63 54 1
e 63 56 1
e 63 57 1
e 63 58 1
e 63 59 1
e 63 60 1
e 63 61 1
e 63 62 1
e 64 1 1
e 64 2 1
e 64 3 1
e 64 4 1
e 64 5 980
e 64 6 1
e 64 7 1
e 64 8 1
e 64 10 1
e 64 11 1
e 64 12 1
e 64 13 1
e 64 15 1
e 64 18 1
e 64 19 1
e 64 20 1
e 64 21 1
e 64 22 1
e 64 23 1
e 64 24 1
e 64 26 1
e 64 27 1
e 64 29 1
e 64 30 1
e 64 31 1
e 64 32 1
e 64 33 1
e 64 35 1
e 64 36 1
e 64 37 1
e 64 38 1
e 64 39 1
e 64 40 1
e 64 41 1
e 64 42 1
e 64 43 1
e 64 44 1
e 64 45 1
e 64 46 1
e 64 47 1
e 64 48 1
e 64 49 1
e 64 50 1
e 64 51 1
e 64 52 1
e 64 53 1
e 64 54 1
e 64 55 1
e 64 56 1
e 64 57 1
e 64 58 1
e 64 59 1
e 64 60 1
e 64 61 1
e 64 62 1
e 64 63 1
e 65 1 1
e 65 2 1
e 65 4 1
e 65 5 594
e 65 7 1
e 65 8 1
e 65 9 1
e 65 10 1
e 65 11 1
e 65 12 1
e 65 14 1
e 65 15 1
e 65 16 1
e 65 17 1
e 65 19 1
e 65 20 1
e 65 21 1
e 65 22 1
e 65 23 1
e 65 24 1
e 65 25 1
e 65 26 1
e 65 27 1
e 65 28 1
e 65 29 1
e 65 30 1
e 65 31 1
e 65 32 1
e 65 33 1
e 65 34 1
e 65 35 1
e 65 36 1
e 65 37 1
e 65 38 1
e 65 39 1
e 65 40 1
e 65 41 1
e 65 42 1
e 65 44 1
e 65 45 1
e 65 46 1
e 65 47 1
e 65 48 1
e 65 49 1
e 65 50 1
e 65 51 1
e 65 52 1
e 65 53 1
e 65 54 1
e 65 55 1
e 65 56 1
e 65 57 1
e 65 58 1
e 65 60 1
e 65 61 1
e 65 62 1
e 65 63 1
e 65 64 1
e 66 1 1
e 66 3 1
e 66 4 1
e 66 5 658
e 66 6 1
e 66 7 1
e 66 8 1
e 66 9 1
e 66 10 1
e 66 11 1
e 66 12 1
e 66 13 1
e 66 14 1
e 66 15 1
e 66 16 1
e 66 17 1
e 66 18 1
e 66 19 1
e 66 20 1
e 66 22 1
e 66 23 1
e 66 24 1
e 66 25 1
e 66 26 1
e 66 27 1
e 66 28 1
e 66 29 1
e 66 30 1
e 66 31 1
e 66 32 1
e 66 33 1
e 66 34 1
e 66 35 1
e 66 36 1
e 66 37 1
e 66 38 1
e 66 39 1
e 66 40 1
e 66 41 1
e 66 42 1
e 66 43 1
e 66 44 1
e 66 45 1
e 66 46 1
e 66 47 1
e 66 48 1
e 66 49 1
e 66 50 1
e 66 51 1
e 66 52 1
e 66 53 1
e 66 54 1
e 66 55 1
e 66 57 1
e 66 58 1
e 66 59 1
e 66 60 1
e 66 62 1
e 66 63 1
e 66 64 1
e 66 65 1
e 67 2 1
e 67 3 1
e 67 4 1
e 67 5 819
e 67 6 1
e 67 7 1
e 67 8 1
e 67 9 1
e 67 10 1
e 67 11 1
e 67 12 1
e 67 13 1
e 67 14 1
e 67 16 1
e 67 17 1
e 67 18 1
e 67 19 1
e 67 20 1
e 67 21 1
e 67 22 1
e 67 23 1
e 67 24 1
e 67 25 1
e 67 26 1
e 67 27 1
e 67 28 1
e 67 29 1
e 67 30 1
e 67 31 1
e 67 33 1
e 67 34 1
e 67 35 1
e 67 36 1
e 67 37 1
e 67 38 1
e 67 39 1
e 67 40 1
e 67 41 1
e 67 42 1
e 67 43 1
e 67 44 1
e 67 45 1
e 67 46 1
e 67 47 1
e 67 48 1
e 67 49 1
e 67 50 1
e 67 51 1
e 67 52 1
e 67 53 1
e 67 54 1
e 67 55 1
e 67 56 1
e 67 57 1
e 67 58 1
e 67 59 1
e 67 60 1
e 67 61 1
e 67 62 1
e 67 63 1
e 67 64 1
e 67 65 1
e 67 66 1
e 68 1 1
e 68 2 1
e 68 3 1
e 68 5 815
e 68 6 1
e 68 7 1
e 68 8 1
e 68 9 1
e 68 10 1
e 68 11 1
e 68 13 1
e 68 14 1
e 68 15 1
e 68 18 1
e 68 19 1
e 68 20 1
e 68 21 1
e 68 22 1
e 68 23 1
e 68 24 1
e 68 25 1
e 68 26 1
e 68 27 1
e 68 28 1
e 68 29 1
e 68 31 1
e 68 33 1
e 68 34 1
e 68 35 1
e 68 36 1
e 68 37 1
e 68 38 1
e 68 39 1
e 68 40 1
e 68 41 1
e 68 42 1
e 68 43 1
e 68 44 1
e 68 45 1
e 68 46 1
e 68 47 1
e 68 48 1
e 68 49 1
e 68 50 1
e 68 51 1
e 68 52 1
e 68 53 1
e 68 54 1
e 68 55 1
e 68 56 1
e 68 57 1
e 68 58 1
e 68 59 1
e 68 60 1
e 68 61 1
e 68 63 1
e 68 64 1
e 68 65 1
e 68 66 1
e 68 67 1
e 69 1 1
e 69 2 1
e 69 3 1
e 69 5 725
e 69 6 1
e 69 7 1
e 69 8 1
e 69 10 1
e 69 11 1
e 69 12 1
e 69 13 1
e 69 14 1
e 69 15 1
e 69 16 1
e 69 17 1
e 69 18 1
e 69 19 1
e 69 20 1
e 69 21 1
e 69 22 1
e 69 24 1
e 69 25 1
e 69 26 1
e 69 27 1
e 69 28 1
e 69 29 1
e 69 30 1
e 69 31 1
e 69 32 1
e 69 33 1
e 69 34 1
e 69 35 1
e 69 36 1
e 69 37 1
e 69 38 1
e 69 39 1
e 69 40 1
e 69 41 1
e 69 42 1
e 69 43 1
e 69 44 1
e 69 45 1
e 69 46 1
e 69 47 1
e 69 48 1
e 69 50 1
e 69 52 1
e 69 53 1
e 69 54 1
e 69 55 1
e 69 56 1
e 69 57 1
e 69 58 1
e 69 59 1
e 69 60 1
e 69 61 1
e 69 62 1
e 69 63 1
e 69 64 1
e 69 65 1
e 69 66 1
e 69 67 1
e 69 68 1
e 70 1 1
e 70 2 1
e 70 3 1
e 70 4 1
e 70 5 953
e 70 7 1
e 70 8 1
e 70 9 1
e 70 10 1
e 70 11 1
e 70 12 1
e 70 13 1
e 70 14 1
e 70 15 1
e 70 16 1
e 70 17 1
e 70 18 1
e 70 19 1
e 70 21 1
e 70 22 1
e 70 24 1
e 70 25 1
e 70 26 1
e 70 27 1
e 70 28 1
e 70 29 1
e 70 30 1
e 70 31 1
e 70 32 1
e 70 33 1
e 70 34 1
e 70 35 1
e 70 36 1
e 70 37 1
e 70 38 1
e 70 39 1
e 70 40 1
e 70 42 1
e 70 44 1
e 70 45 1
e 70 46 1
e 70 47 1
e 70 48 1
e 70 49 1
e 70 50 1
e 70 51 1
e 70 52 1
e 70 53 1
e 70 54 1
e 70 55 1
e 70 56 1
e 70 57 1
e 70 58 1
e 70 59 1
e 70 60 1
e 70 61 1
e 70 62 1
e 70 63 1
e 70 64 1
e 70 65 1
e 70 66 1
e 70 67 1
e 70 68 1
e 70 69 1
e 71 1 842
e 71 2 823
e 71 3 860
e 71 4 611
e 71 5 666
e 71 6 592
e 71 7 920
e 71 8 813
e 71 9 918
e 71 11 726
e 71 12 572
e 71 16 607
e 71 17 889
e 71 18 996
e 71 19 846
e 71 20 805
e 71 22 707
e 71 23 900
e 71 24 906
e 71 25 725
e 71 26 804
e 71 27 864
e 71 28 921
e 71 29 623
e 71 31 529
e 71 32 660
e 71 34 682
e 71 35 629
e 71 37 927
e 71 38 598
e 71 39 781
e 71 40 968
e 71 41 656
e 71 42 848
e 71 44 573
e 71 45 643
e 71 46 629
e 71 47 951
e 71 48 824
e 71 49 751
e 71 50 610
e 71 51 881
e 71 53 786
e 71 54 508
e 71 55 892
e 71 56 701
e 71 57 894
e 71 58 856
e 71 59 868
e 71 60 755
e 71 61 521
e 71 62 610
e 71 63 902
e 71 64 656
e 71 65 921
e 71 66 807
e 71 67 777
e 71 68 531
e 71 69 907
e 71 70 761
e 72 1 1
e 72 2 1
e 72 3 1
e 72 4 1
e 72 5 666
e 72 6 1
e 72 7 1
e 72 8 1
e 72 9 1
e 72 10 1
e 72 11 1
e 72 12 1
e 72 13 1
e 72 14 1
e 72 15 1
e 72 18 1
e 72 19 1
e 72 20 1
e 72 21 1
e 72 22 1
e 72 23 1
e 72 24 1
e 72 25 1
e 72 27 1
e 72 29 1
e 72 30 1
e 72 31 1
e 72 32 1
e 72 33 1
e 72 34 1
e 72 35 1
e 72 36 1
e 72 37 1
e 72 38 1
e 72 39 1
e 72 40 1
e 72 41 1
e 72 42 1
e 72 43 1
e 72 44 1
e 72 45 1
e 72 46 1
e 72 47 1
e 72 48 1
e 72 49 1
e 72 50 1
e 72 51 1
e 72 53 1
e 72 54 1
e 72 55 1
e 72 56 1
e 72 57 1
e 72 58 1
e 72 59 1
e 72 60 1
e 72 61 1
e 72 62 1
e 72 63 1
e 72 64 1
e 72 66 1
e 72 67 1
e 72 68 1
e 72 69 1
e 72 70 1
e 72 71 682
e 73 1 1
e 73 2 1
e 73 3 1
e 73 4 1
e 73 5 555
e 73 6 1
e 73 7 1
e 73 8 1
e 73 9 1
e 73 10 1
e 73 11 1
e 73 12 1
e 73 13 1
e 73 15 1
e 73 16 1
e 73 17 1
e 73 18 1
e 73 19 1
e 73 20 1
e 73 21 1
e 73 22 1
e 73 23 1
e 73 24 1
e 73 25 1
e 73 26 1
e 73 27 1
e 73 28 1
e 73 30 1
e 73 32 1
e 73 33 1
e 73 34 1
e 73 35 1
e 73 37 1
e 73 38 1
e 73 39 1
e 73 41 1
e 73 42 1
e 73 44 1
e 73 45 1
e 73 46 1
e 73 47 1
e 73 48 1
e 73 49 1
e 73 50 1
e 73 52 1
e 73 53 1
e 73 54 1
e 73 55 1
e 73 56 1
e 73 57 1
e 73 58 1
e 73 60 1
e 73 61 1
e 73 62 1
e 73 63 1
e 73 64 1
e 73 65 1
e 73 66 1
e 73 67 1
e 73 69 1
e 73 70 1
e 73 71 951
e 73 72 1
e 74 1 1
e 74 2 1
e 74 3 1
e 74 4 1
e 74 6 1
e 74 7 1
e 74 8 1
e 74 10 1
e 74 11 1
e 74 12 1
e 74 13 1
e 74 14 1
e 74 15 1
e 74 17 1
e 74 18 1
e 74 19 1
e 74 21 1
e 74 22 1
e 74 23 1
e 74 24 1
e 74 25 1
e 74 26 1
e 74 28 1
e 74 29 1
e 74 30 1
e 74 31 1
e 74 32 1
e 74 33 1
e 74 34 1
e 74 35 1
e 74 36 1
e 74 37 1
e 74 38 1
e 74 39 1
e 74 41 1
e 74 42 1
e 74 43 1
e 74 44 1
e 74 45 1
e 74 46 1
e 74 47 1
e 74 48 1
e 74 49 1
e 74 50 1
e 74 52 1
e 74 53 1
e 74 54 1
e 74 56 1
e 74 58 1
e 74 59 1
e 74 60 1
e 74 61 1
e 74 62 1
e 74 64 1
e 74 65 1
e 74 67 1
e 74 68 1
e 74 69 1
e 74 70 1
e 74 71 852
e 74 72 1
e 74 73 1
e 75 1 1
e 75 3 1
e 75 4 1
e 75 5 688
e 75 6 1
e 75 7 1
e 75 8 1
e 75 9 1
e 75 10 1
e 75 11 1
e 75 12 1
e 75 13 1
e 75 14 1
e 75 16 1
e 75 17 1
e 75 18 1
e 75 19 1
e 75 20 1
e 75 21 1
e 75 22 1
e 75 23 1
e 75 24 1
e 75 25 1
e 75 26 1
e 75 27 1
e 75 28 1
e 75 29 1
e 75 30 1
e 75 31 1
e 75 33 1
e 75 35 1
e 75 38 1
e 75 39 1
e 75 41 1
e 75 42 1
e 75 43 1
e 75 44 1
e 75 45 1
e 75 46 1
e 75 47 1
e 75 48 1
e 75 49 1
e 75 50 1
e 75 51 1
e 75 52 1
e 75 53 1
e 75 54 1
e 75 55 1
e 75 56 1
e 75 57 1
e 75 58 1
e 75 60 1
e 75 61 1
e 75 62 1
e 75 63 1
e 75 64 1
e 75 65 1
e 75 66 1
e 75 67 1
e 75 68 1
e 75 69 1
e 75 70 1
e 75 73 1
e 75 74 1
e 76 1 1
e 76 2 1
e 76 3 1
e 76 5 640
e 76 6 1
e 76 7 1
e 76 8 1
e 76 9 1
e 76 10 1
e 76 11 1
e 76 13 1
e 76 14 1
e 76 15 1
e 76 17 1
e 76 18 1
e 76 19 1
e 76 20 1
e 76 21 1
e 76 22 1
e 76 23 1
e 76 24 1
e 76 25 1
e 76 26 1
e 76 27 1
e 76 30 1
e 76 32 1
e 76 33 1
e 76 34 1
e 76 36 1
e 76 37 1
e 76 40 1
e 76 41 1
e 76 42 1
e 76 43 1
e 76 44 1
e 76 46 1
e 76 47 1
e 76 48 1
e 76 49 1
e 76 51 1
e 76 52 1
e 76 54 1
e 76 55 1
e 76 56 1
e 76 57 1
e 76 58 1
e 76 59 1
e 76 60 1
e 76 61 1
e 76 62 1
e 76 63 1
e 76 64 1
e 76 65 1
e 76 66 1
e 76 67 1
e 76 68 1
e 76 69 1
e 76 70 1
e 76 71 641
e 76 73 1
e 76 74 1
e 77 1 1
e 77 2 1
e 77 3 1
e 77 5 923
e 77 6 1
e 77 7 1
e 77 8 1
e 77 9 1
e 77 10 1
e 77 11 1
e 77 12 1
e 77 13 1
e 77 14 1
e 77 16 1
e 77 17 1
e 77 18 1
e 77 19 1
e 77 20 1
e 77 21 1
e 77 22 1
e 77 23 1
e 77 24 1
e 77 25 1
e 77 26 1
e 77 27 1
e 77 28 1
e 77 29 1
e 77 30 1
e 77 31 1
e 77 32 1
e 77 34 1
e 77 35 1
e 77 36 1
e 77 37 1
e 77 38 1
e 77 40 1
e 77 41 1
e 77 42 1
e 77 43 1
e 77 44 1
e 77 45 1
e 77 46 1
e 77 47 1
e 77 48 1
e 77 49 1
e 77 50 1
e 77 51 1
e 77 52 1
e 77 53 1
e 77 54 1
e 77 55 1
e 77 56 1
e 77 57 1
e 77 58 1
e 77 59 1
e 77 60 1
e 77 61 1
e 77 62 1
e 77 64 1
e 77 65 1
e 77 66 1
e 77 67 1
e 77 68 1
e 77 69 1
e 77 70 1
e 77 71 633
e 77 72 1
e 77 73 1
e 77 74 1
e 77 75 1
e 77 76 1
e 78 1 1
e 78 2 1
e 78 3 1
e 78 4 1
e 78 5 746
e 78 8 1
e 78 9 1
e 78 10 1
e 78 11 1
e 78 14 1
e 78 15 1
e 78 16 1
e 78 17 1
e 78 18 1
e 78 19 1
e 78 20 1
e 78 22 1
e 78 23 1
e 78 26 1
e 78 27 1
e 78 28 1
e 78 30 1
e 78 31 1
e 78 32 1
e 78 33 1
e 78 34 1
e 78 35 1
e 78 37 1
e 78 38 1
e 78 39 1
e 78 40 1
e 78 41 1
e 78 42 1
e 78 43 1
e 78 44 1
e 78 45 1
e 78 46 1
e 78 47 1
e 78 48 1
e 78 49 1
e 78 50 1
e 78 51 1
e 78 52 1
e 78 53 1
e 78 54 1
e 78 55 1
e 78 56 1
e 78 57 1
e 78 58 1
e 78 59 1
e 78 60 1
e 78 61 1
e 78 62 1
e 78 63 1
e 78 64 1
e 78 65 1
e 78 66 1
e 78 67 1
e 78 69 1
e 78 70 1
e 78 71 825
e 78 72 1
e 78 73 1
e 78 74 1
e 78 75 1
e 78 76 1
e 78 77 1
e 79 1 1
e 79 2 1
e 79 3 1
e 79 4 1
e 79 5 842
e 79 6 1
e 79 7 1
e 79 8 1
e 79 9 1
e 79 10 1
e 79 11 1
e 79 12 1
e 79 13 1
e 79 14 1
e 79 16 1
e 79 17 1
e 79 18 1
e 79 19 1
e 79 20 1
e 79 21 1
e 79 22 1
e 79 23 1
e 79 24 1
e 79 25 1
e 79 27 1
e 79 29 1
e 79 30 1
e 79 31 1
e 79 32 1
e 79 33 1
e 79 34 1
e 79 37 1
e 79 38 1
e 79 39 1
e 79 40 1
e 79 41 1
e 79 42 1
e 79 43 1
e 79 44 1
e 79 45 1
e 79 46 1
e 79 47 1
e 79 48 1
e 79 49 1
e 79 51 1
e 79 52 1
e 79 53 1
e 79 54 1
e 79 55 1
e 79 56 1
e 79 57 1
e 79 58 1
e 79 59 1
e 79 60 1
e 79 62 1
e 79 64 1
e 79 65 1
e 79 66 1
e 79 67 1
e 79 68 1
e 79 69 1
e 79 70 1
e 79 71 877
e 79 72 1
e 79 74 1
e 79 76 1
e 79 77 1
e 79 78 1
e 80 1 1
e 80 2 1
e 80 4 1
e 80 5 611
e 80 6 1
e 80 7 1
e 80 8 1
e 80 9 1
e 80 10 1
e 80 11 1
e 80 12 1
e 80 13 1
e 80 14 1
e 80 15 1
e 80 17 1
e 80 18 1
e 80 19 1
e 80 20 1
e 80 21 1
e 80 22 1
e 80 23 1
e 80 24 1
e 80 25 1
e 80 26 1
e 80 27 1
e 80 28 1
e 80 29 1
e 80 30 1
e 80 31 1
e 80 32 1
e 80 33 1
e 80 34 1
e 80 35 1
e 80 36 1
e 80 37 1
e 80 38 1
e 80 39 1
e 80 40 1
e 80 41 1
e 80 42 1
e 80 43 1
e 80 44 1
e 80 45 1
e 80 46 1
e 80 47 1
e 80 48 1
e 80 49 1
e 80 50 1
e 80 51 1
e 80 52 1
e 80 53 1
e 80 54 1
e 80 55 1
e 80 56 1
e 80 57 1
e 80 59 1
e 80 60 1
e 80 62 1
e 80 63 1
e 80 65 1
e 80 66 1
e 80 67 1
e 80 68 1
e 80 69 1
e 80 70 1
e 80 71 864
e 80 72 1
e 80 73 1
e 80 74 1
e 80 75 1
e 80 77 1
e 80 78 1
e 80 79 1
e 81 1 1
e 81 2 1
e 81 3 1
e 81 4 1
e 81 5 583
e 81 6 1
e 81 8 1
e 81 9 1
e 81 10 1
e 81 11 1
e 81 12 1
e 81 13 1
e 81 14 1
e 81 15 1
e 81 16 1
e 81 17 1
e 81 18 1
e 81 19 1
e 81 20 1
e 81 21 1
e 81 22 1
e 81 23 1
e 81 24 1
e 81 25 1
e 81 26 1
e 81 27 1
e 81 28 1
e 81 29 1
e 81 30 1
e 81 31 1
e 81 32 1
e 81 33 1
e 81 34 1
e 81 37 1
e 81 38 1
e 81 39 1
e 81 40 1
e 81 41 1
e 81 43 1
e 81 44 1
e 81 46 1
e 81 47 1
e 81 48 1
e 81 49 1
e 81 50 1
e 81 52 1
e 81 54 1
e 81 56 1
e 81 57 1
e 81 58 1
e 81 59 1
e 81 60 1
e 81 61 1
e 81 62 1
e 81 63 1
e 81 64 1
e 81 66 1
e 81 67 1
e 81 69 1
e 81 70 1
e 81 71 521
e 81 72 1
e 81 73 1
e 81 74 1
e 81 76 1
e 81 77 1
e 81 78 1
e 81 79 1
e 81 80 1
e 82 1 1
e 82 2 1
e 82 3 1
e 82 4 1
e 82 5 842
e 82 6 1
e 82 7 1
e 82 8 1
e 82 9 1
e 82 10 1
e 82 11 1
e 82 12 1
e 82 13 1
e 82 14 1
e 82 15 1
e 82 16 1
e 82 17 1
e 82 18 1
e 82 19 1
e 82 20 1
e 82 21 1
e 82 22 1
e 82 23 1
e 82 24 1
e 82 25 1
e 82 26 1
e 82 27 1
e 82 28 1
e 82 29 1
e 82 30 1
e 82 31 1
e 82 33 1
e 82 34 1
e 82 35 1
e 82 36 1
e 82 37 1
e 82 38 1
e 82 40 1
e 82 41 1
e 82 43 1
e 82 44 1
e 82 45 1
e 82 46 1
e 82 48 1
e 82 49 1
e 82 51 1
e 82 52 1
e 82 53 1
e 82 54 1
e 82 55 1
e 82 56 1
e 82 57 1
e 82 58 1
e 82 59 1
e 82 60 1
e 82 61 1
e 82 62 1
e 82 63 1
e 82 64 1
e 82 65 1
e 82 66 1
e 82 67 1
e 82 68 1
e 82 69 1
e 82 70 1
e 82 71 761
e 82 72 1
e 82 74 1
e 82 75 1
e 82 76 1
e 82 77 1
e 82 78 1
e 82 79 1
e 82 80 1
e 82 81 1
e 83 1 1
e 83 2 1
e 83 5 853
e 83 7 1
e 83 8 1
e 83 9 1
e 83 11 1
e 83 12 1
e 83 13 1
e 83 14 1
e 83 15 1
e 83 16 1
e 83 18 1
e 83 20 1
e 83 21 1
e 83 22 1
e 83 23 1
e 83 25 1
e 83 27 1
e 83 28 1
e 83 29 1
e 83 30 1
e 83 31 1
e 83 32 1
e 83 33 1
e 83 34 1
e 83 35 1
e 83 36 1
e 83 37 1
e 83 38 1
e 83 39 1
e 83 40 1
e 83 41 1
e 83 43 1
e 83 44 1
e 83 45 1
e 83 48 1
e 83 49 1
e 83 50 1
e 83 51 1
e 83 52 1
e 83 53 1
e 83 54 1
e 83 56 1
e 83 57 1
e 83 58 1
e 83 59 1
e 83 60 1
e 83 62 1
e 83 63 1
e 83 64 1
e 83 65 1
e 83 66 1
e 83 67 1
e 83 68 1
e 83 70 1
e 83 71 803
e 83 72 1
e 83 73 1
e 83 74 1
e 83 75 1
e 83 77 1
e 83 78 1
e 83 79 1
e 83 80 1
e 83 81 1
e 83 82 1
e 84 1 1
e 84 2 1
e 84 3 1
e 84 4 1
e 84 6 1
e 84 7 1
e 84 8 1
e 84 9 1
e 84 10 1
e 84 11 1
e 84 14 1
e 84 15 1
e 84 16 1
e 84 17 1
e 84 18 1
e 84 19 1
e 84 20 1
e 84 21 1
e 84 22 1
e 84 23 1
e 84 24 1
e 84 25 1
e 84 26 1
e 84 27 1
e 84 28 1
e 84 29 1
e 84 30 1
e 84 31 1
e 84 32 1
e 84 33 1
e 84 34 1
e 84 35 1
e 84 36 1
e 84 37 1
e 84 38 1
e 84 40 1
e 84 41 1
e 84 42 1
e 84 43 1
e 84 44 1
e 84 45 1
e 84 46 1
e 84 48 1
e 84 49 1
e 84 50 1
e 84 51 1
e 84 52 1
e 84 54 1
e 84 55 1
e 84 57 1
e 84 58 1
e 84 59 1
e 84 60 1
e 84 61 1
e 84 62 1
e 84 63 1
e 84 65 1
e 84 66 1
e 84 67 1
e 84 68 1
e 84 69 1
e 84 71 800
e 84 72 1
e 84 73 1
e 84 74 1
e 84 75 1
e 84 76 1
e 84 77 1
e 84 78 1
e 84 79 1
e 84 80 1
e 84 82 1
e 84 83 1
e 85 1 1
e 85 2 1
e 85 3 1
e 85 5 835
e 85 6 1
e 85 7 1
e 85 8 1
e 85 9 1
e 85 10 1
e 85 11 1
e 85 12 1
e 85 13 1
e 85 14 1
e 85 15 1
e 85 16 1
e 85 17 1
e 85 18 1
e 85 19 1
e 85 20 1
e 85 22 1
e 85 23 1
e 85 24 1
e 85 25 1
e 85 26 1
e 85 27 1
e 85 29 1
e 85 30 1
e 85 31 1
e 85 32 1
e 85 33 1
e 85 34 1
e 85 35 1
e 85 37 1
e 85 38 1
e 85 39 1
e 85 41 1
e 85 42 1
e 85 43 1
e 85 44 1
e 85 45 1
e 85 46 1
e 85 47 1
e 85 48 1
e 85 49 1
e 85 50 1
e 85 51 1
e 85 52 1
e 85 53 1
e 85 54 1
e 85 55 1
e 85 56 1
e 85 57 1
e 85 58 1
e 85 59 1
e 85 60 1
e 85 61 1
e 85 62 1
e 85 63 1
e 85 65 1
e 85 66 1
e 85 67 1
e 85 68 1
e 85 70 1
e 85 71 513
e 85 72 1
e 85 73 1
e 85 74 1
e 85 75 1
e 85 76 1
e 85 77 1
e 85 78 1
e 85 79 1
e 85 80 1
e 85 81 1
e 85 82 1
e 85 83 1
e 85 84 1
e 86 1 1
e 86 2 1
e 86 3 1
e 86 4 1
e 86 5 685
e 86 6 1
e 86 8 1
e 86 9 1
e 86 10 1
e 86 12 1
e 86 13 1
e 86 14 1
e 86 15 1
e 86 16 1
e 86 17 1
e 86 18 1
e 86 19 1
e 86 20 1
e 86 22 1
e 86 23 1
e 86 24 1
e 86 25 1
e 86 26 1
e 86 27 1
e 86 28 1
e 86 29 1
e 86 30 1
e 86 31 1
e 86 32 1
e 86 34 1
e 86 35 1
e 86 36 1
e 86 37 1
e 86 38 1
e 86 39 1
e 86 40 1
e 86 41 1
e 86 42 1
e 86 43 1
e 86 44 1
e 86 45 1
e 86 46 1
e 86 47 1
e 86 48 1
e 86 49 1
e 86 50 1
e 86 51 1
e 86 52 1
e 86 53 1
e 86 54 1
e 86 55 1
e 86 56 1
e 86 57 1
e 86 58 1
e 86 59 1
e 86 60 1
e 86 61 1
e 86 62 1
e 86 63 1
e 86 65 1
e 86 66 1
e 86 67 1
e 86 68 1
e 86 69 1
e 86 70 1
e 86 71 554
e 86 72 1
e 86 74 1
e 86 75 1
e 86 76 1
e 86 77 1
e 86 78 1
e 86 79 1
e 86 80 1
e 86 81 1
e 86 82 1
e 86 84 1
e 86 85 1
e 87 2 1
e 87 3 1
e 87 4 1
e 87 5 633
e 87 6 1
e 87 7 1
e 87 8 1
e 87 9 1
e 87 10 1
e 87 11 1
e 87 12 1
e 87 13 1
e 87 15 1
e 87 16 1
e 87 17 1
e 87 18 1
e 87 19 1
e 87 20 1
e 87 21 1
e 87 22 1
e 87 23 1
e 87 24 1
e 87 25 1
e 87 26 1
e 87 27 1
e 87 28 1
e 87 29 1
e 87 30 1
e 87 32 1
e 87 33 1
e 87 34 1
e 87 35 1
e 87 36 1
e 87 37 1
e 87 38 1
e 87 39 1
e 87 40 1
e 87 41 1
e 87 42 1
e 87 43 1
e 87 44 1
e 87 45 1
e 87 46 1
e 87 47 1
e 87 48 1
e 87 50 1
e 87 51 1
e 87 52 1
e 87 53 1
e 87 54 1
e 87 56 1
e 87 57 1
e 87 58 1
e 87 59 1
e 87 60 1
e 87 61 1
e 87 62 1
e 87 63 1
e 87 64 1
e 87 65 1
e 87 66 1
e 87 68 1
e 87 69 1
e 87 70 1
e 87 71 578
e 87 72 1
e 87 73 1
e 87 74 1
e 87 75 1
e 87 76 1
e 87 77 1
e 87 78 1
e 87 79 1
e 87 80 1
e 87 82 1
e 87 83 1
e 87 84 1
e 87 85 1
e 87 86 1
e 88 1 1
e 88 2 1
e 88 3 1
e 88 4 1
e 88 5 529
e 88 6 1
e 88 7 1
e 88 8 1
e 88 10 1
e 88 11 1
e 88 14 1
e 88 15 1
e 88 16 1
e 88 18 1
e 88 19 1
e 88 20 1
e 88 21 1
e 88 22 1
e 88 23 1
e 88 24 1
e 88 25 1
e 88 26 1
e 88 27 1
e 88 28 1
e 88 29 1
e 88 30 1
e 88 31 1
e 88 32 1
e 88 33 1
e 88 34 1
e 88 35 1
e 88 38 1
e 88 39 1
e 88 40 1
e 88 41 1
e 88 42 1
e 88 43 1
e 88 44 1
e 88 45 1
e 88 46 1
e 88 47 1
e 88 48 1
e 88 49 1
e 88 51 1
e 88 52 1
e 88 53 1
e 88 54 1
e 88 55 1
e 88 56 1
e 88 57 1
e 88 58 1
e 88 59 1
e 88 60 1
e 88 61 1
e 88 65 1
e 88 66 1
e 88 67 1
e 88 69 1
e 88 70 1
e 88 72 1
e 88 73 1
e 88 74 1
e 88 75 1
e 88 76 1
e 88 77 1
e 88 78 1
e 88 79 1
e 88 80 1
e 88 81 1
e 88 82 1
e 88 83 1
e 88 84 1
e 88 85 1
e 89 1 1
e 89 2 1
e 89 4 1
e 89 5 717
e 89 6 1
e 89 7 1
e 89 8 1
e 89 9 1
e 89 10 1
e 89 11 1
e 89 13 1
e 89 15 1
e 89 17 1
e 89 18 1
e 89 19 1
e 89 20 1
e 89 21 1
e 89 22 1
e 89 23 1
e 89 24 1
e 89 25 1
e 89 26 1
e 89 27 1
e 89 28 1
e 89 29 1
e 89 30 1
e 89 32 1
e 89 34 1
e 89 35 1
e 89 36 1
e 89 37 1
e 89 38 1
e 89 39 1
e 89 40 1
e 89 41 1
e 89 42 1
e 89 43 1
e 89 44 1
e 89 45 1
e 89 46 1
e 89 47 1
e 89 48 1
e 89 49 1
e 89 52 1
e 89 53 1
e 89 54 1
e 89 55 1
e 89 56 1
e 89 57 1
e 89 58 1
e 89 59 1
e 89 60 1
e 89 61 1
e 89 62 1
e 89 63 1
e 89 64 1
e 89 65 1
e 89 66 1
e 89 67 1
e 89 69 1
e 89 70 1
e 89 71 746
e 89 72 1
e 89 73 1
e 89 74 1
e 89 75 1
e 89 77 1
e 89 78 1
e 89 79 1
e 89 80 1
e 89 81 1
e 89 83 1
e 89 84 1
e 89 86 1
e 89 87 1
e 89 88 1
e 90 1 1
e 90 3 1
e 90 4 1
e 90 5 619
e 90 6 1
e 90 7 1
e 90 8 1
e 90 9 1
e 90 10 1
e 90 11 1
e 90 12 1
e 90 13 1
e 90 14 1
e 90 15 1
e 90 16 1
e 90 17 1
e 90 18 1
e 90 19 1
e 90 20 1
e 90 21 1
e 90 22 1
e 90 23 1
e 90 24 1
e 90 25 1
e 90 26 1
e 90 27 1
e 90 28 1
e 90 29 1
e 90 30 1
e 90 31 1
e 90 32 1
e 90 33 1
e 90 34 1
e 90 37 1
e 90 38 1
e 90 39 1
e 90 40 1
e 90 41 1
e 90 42 1
e 90 43 1
e 90 45 1
e 90 46 1
e 90 47 1
e 90 48 1
e 90 49 1
e 90 50 1
e 90 51 1
e 90 52 1
e 90 53 1
e 90 54 1
e 90 55 1
e 90 56 1
e 90 57 1
e 90 59 1
e 90 60 1
e 90 61 1
e 90 62 1
e 90 64 1
e 90 65 1
e 90 67 1
e 90 68 1
e 90 69 1
e 90 70 1
e 90 71 728
e 90 72 1
e 90 74 1
e 90 76 1
e 90 79 1
e 90 80 1
e 90 81 1
e 90 82 1
e 90 83 1
e 90 85 1
e 90 86 1
e 90 87 1
e 90 88 1
e 90 89 1
e 91 1 1
e 91 2 1
e 91 3 1
e 91 4 1
e 91 5 569
e 91 6 1
e 91 7 1
e 91 8 1
e 91 9 1
e 91 10 1
e 91 11 1
e 91 12 1
e 91 13 1
e 91 14 1
e 91 15 1
e 91 16 1
e 91 17 1
e 91 18 1
e 91 19 1
e 91 21 1
e 91 23 1
e 91 25 1
e 91 26 1
e 91 27 1
e 91 28 1
e 91 29 1
e 91 30 1
e 91 31 1
e 91 32 1
e 91 34 1
e 91 35 1
e 91 37 1
e 91 38 1
e 91 39 1
e 91 40 1
e 91 41 1
e 91 42 1
e 91 43 1
e 91 44 1
e 91 45 1
e 91 46 1
e 91 47 1
e 91 48 1
e 91 49 1
e 91 50 1
e 91 51 1
e 91 52 1
e 91 55 1
e 91 56 1
e 91 57 1
e 91 58 1
e 91 59 1
e 91 60 1
e 91 61 1
e 91 62 1
e 91 63 1
e 91 64 1
e 91 65 1
e 91 66 1
e 91 67 1
e 91 68 1
e 91 69 1
e 91 70 1
e 91 71 554
e 91 72 1
e 91 73 1
e 91 74 1
e 91 75 1
e 91 76 1
e 91 77 1
e 91 78 1
e 91 79 1
e 91 80 1
e 91 81 1
e 91 82 1
e 91 84 1
e 91 85 1
e 91 86 1
e 91 87 1
e 91 88 1
e 91 89 1
e 92 1 1
e 92 2 1
e 92 3 1
e 92 4 1
e 92 5 928
e 92 6 1
e 92 7 1
e 92 8 1
e 92 9 1
e 92 10 1
e 92 11 1
e 92 13 1
e 92 14 1
e 92 15 1
e 92 16 1
e 92 17 1
e 92 18 1
e 92 19 1
e 92 20 1
e 92 21 1
e 92 22 1
e 92 23 1
e 92 24 1
e 92 25 1
e 92 26 1
e 92 27 1
e 92 28 1
e 92 29 1
e 92 30 1
e 92 31 1
e 92 32 1
e 92 33 1
e 92 34 1
e 92 35 1
e 92 36 1
e 92 37 1
e 92 38 1
e 92 39 1
e 92 40 1
e 92 41 1
e 92 42 1
e 92 44 1
e 92 45 1
e 92 46 1
e 92 47 1
e 92 48 1
e 92 49 1
e 92 50 1
e 92 51 1
e 92 53 1
e 92 54 1
e 92 55 1
e 92 56 1
e 92 57 1
e 92 58 1
e 92 59 1
e 92 61 1
e 92 62 1
e 92 63 1
e 92 64 1
e 92 65 1
e 92 67 1
e 92 68 1
e 92 69 1
e 92 70 1
e 92 71 785
e 92 72 1
e 92 73 1
e 92 74 1
e 92 75 1
e 92 76 1
e 92 77 1
e 92 78 1
e 92 79 1
e 92 81 1
e 92 82 1
e 92 83 1
e 92 84 1
e 92 85 1
e 92 86 1
e 92 89 1
e 92 90 1
e 92 91 1
e 93 1 1
e 93 2 1
e 93 3 1
e 93 5 552
e 93 6 1
e 93 7 1
e 93 8 1
e 93 9 1
e 93 10 1
e 93 11 1
e 93 12 1
e 93 13 1
e 93 15 1
e 93 16 1
e 93 17 1
e 93 18 1
e 93 19 1
e 93 20 1
e 93 21 1
e 93 22 1
e 93 23 1
e 93 24 1
e 93 25 1
e 93 26 1
e 93 28 1
e 93 29 1
e 93 30 1
e 93 31 1
e 93 32 1
e 93 33 1
e 93 34 1
e 93 35 1
e 93 36 1
e 93 37 1
e 93 38 1
e 93 39 1
e 93 40 1
e 93 41 1
e 93 42 1
e 93 44 1
e 93 46 1
e 93 47 1
e 93 48 1
e 93 49 1
e 93 51 1
e 93 52 1
e 93 53 1
e 93 54 1
e 93 55 1
e 93 57 1
e 93 58 1
e 93 59 1
e 93 60 1
e 93 61 1
e 93 63 1
e 93 65 1
e 93 66 1
e 93 67 1
e 93 68 1
e 93 69 1
e 93 70 1
e 93 71 750
e 93 72 1
e 93 74 1
e 93 75 1
e 93 76 1
e 93 77 1
e 93 78 1
e 93 79 1
e 93 80 1
e 93 81 1
e 93 82 1
e 93 83 1
e 93 84 1
e 93 85 1
e 93 86 1
e 93 88 1
e 93 89 1
e 93 91 1
e 93 92 1
e 94 1 1
e 94 2 1
e 94 4 1
e 94 5 804
e 94 6 1
e 94 7 1
e 94 8 1
e 94 9 1
e 94 10 1
e 94 11 1
e 94 12 1
e 94 13 1
e 94 14 1
e 94 16 1
e 94 17 1
e 94 18 1
e 94 19 1
e 94 21 1
e 94 22 1
e 94 23 1
e 94 24 1
e 94 25 1
e 94 26 1
e 94 27 1
e 94 28 1
e 94 29 1
e 94 30 1
e 94 32 1
e 94 34 1
e 94 36 1
e 94 37 1
e 94 38 1
e 94 39 1
e 94 40 1
e 94 41 1
e 94 42 1
e 94 43 1
e 94 44 1
e 94 46 1
e 94 47 1
e 94 48 1
e 94 49 1
e 94 50 1
e 94 51 1
e 94 52 1
e 94 53 1
e 94 55 1
e 94 56 1
e 94 57 1
e 94 58 1
e 94 59 1
e 94 60 1
e 94 61 1
e 94 62 1
e 94 63 1
e 94 64 1
e 94 65 1
e 94 66 1
e 94 68 1
e 94 71 717
e 94 72 1
e 94 73 1
e 94 74 1
e 94 75 1
e 94 76 1
e 94 77 1
e 94 78 1
e 94 79 1
e 94 80 1
e 94 81 1
e 94 83 1
e 94 84 1
e 94 85 1
e 94 86 1
e 94 87 1
e 94 88 1
e 94 89 1
e 94 90 1
e 94 91 1
e 94 92 1
e 94 93 1
e 95 2 1
e 95 3 1
e 95 4 1
e 95 6 1
e 95 7 1
e 95 8 1
e 95 9 1
e 95 11 1
e 95 12 1
e 95 13 1
e 95 14 1
e 95 15 1
e 95 16 1
e 95 17 1
e 95 18 1
e 95 19 1
e 95 20 1
e 95 21 1
e 95 22 1
e 95 24 1
e 95 25 1
e 95 27 1
e 95 28 1
e 95 29 1
e 95 30 1
e 95 31 1
e 95 32 1
e 95 33 1
e 95 34 1
e 95 35 1
e 95 36 1
e 95 38 1
e 95 39 1
e 95 40 1
e 95 41 1
e 95 42 1
e 95 43 1
e 95 44 1
e 95 45 1
e 95 46 1
e 95 47 1
e 95 49 1
e 95 50 1
e 95 52 1
e 95 53 1
e 95 54 1
e 95 56 1
e 95 57 1
e 95 58 1
e 95 59 1
e 95 60 1
e 95 62 1
e 95 64 1
e 95 65 1
e 95 67 1
e 95 68 1
e 95 69 1
e 95 70 1
e 95 71 530
e 95 72 1
e 95 74 1
e 95 75 1
e 95 76 1
e 95 77 1
e 95 78 1
e 95 79 1
e 95 80 1
e 95 81 1
e 95 82 1
e 95 83 1
e 95 84 1
e 95 85 1
e 95 86 1
e 95 87 1
e 95 88 1
e 95 89 1
e 95 90 1
e 95 91 1
e 95 92 1
e 95 93 1
e 95 94 1
e 96 1 1
e 96 2 1
e 96 3 1
e 96 4 1
e 96 5 600
e 96 6 1
e 96 7 1
e 96 8 1
e 96 9 1
e 96 10 1
e 96 11 1
e 96 12 1
e 96 13 1
e 96 14 1
e 96 16 1
e 96 17 1
e 96 18 1
e 96 19 1
e 96 20 1
e 96 21 1
e 96 22 1
e 96 23 1
e 96 24 1
e 96 25 1
e 96 26 1
e 96 27 1
e 96 29 1
e 96 30 1
e 96 31 1
e 96 32 1
e 96 33 1
e 96 34 1
e 96 35 1
e 96 36 1
e 96 37 1
e 96 38 1
e 96 39 1
e 96 40 1
e 96 41 1
e 96 42 1
e 96 43 1
e 96 44 1
e 96 45 1
e 96 46 1
e 96 47 1
e 96 48 1
e 96 49 1
e 96 50 1
e 96 51 1
e 96 52 1
e 96 53 1
e 96 54 1
e 96 55 1
e 96 56 1
e 96 57 1
e 96 58 1
e 96 59 1
e 96 60 1
e 96 61 1
e 96 62 1
e 96 63 1
e 96 64 1
e 96 65 1
e 96 66 1
e 96 67 1
e 96 68 1
e 96 69 1
e 96 70 1
e 96 71 525
e 96 72 1
e 96 74 1
e 96 75 1
e 96 76 1
e 96 77 1
e 96 78 1
e 96 79 1
e 96 80 1
e 96 81 1
e 96 82 1
e 96 83 1
e 96 84 1
e 96 85 1
e 96 86 1
e 96 88 1
e 96 90 1
e 96 91 1
e 96 92 1
e 96 93 1
e 96 95 1
e 97 1 1
e 97 2 1
e 97 3 1
e 97 4 1
e 97 6 1
e 97 7 1
e 97 8 1
e 97 9 1
e 97 10 1
e 97 12 1
e 97 13 1
e 97 14 1
e 97 15 1
e 97 16 1
e 97 18 1
e 97 19 1
e 97 20 1
e 97 21 1
e 97 22 1
e 97 23 1
e 97 25 1
e 97 27 1
e 97 28 1
e 97 29 1
e 97 30 1
e 97 31 1
e 97 32 1
e 97 33 1
e 97 34 1
e 97 35 1
e 97 37 1
e 97 38 1
e 97 39 1
e 97 40 1
e 97 41 1
e 97 42 1
e 97 43 1
e 97 45 1
e 97 46 1
e 97 47 1
e 97 48 1
e 97 49 1
e 97 50 1
e 97 51 1
e 97 53 1
e 97 54 1
e 97 55 1
e 97 56 1
e 97 57 1
e 97 58 1
e 97 59 1
e 97 60 1
e 97 61 1
e 97 63 1
e 97 64 1
e 97 65 1
e 97 67 1
e 97 68 1
e 97 69 1
e 97 70 1
e 97 71 634
e 97 72 1
e 97 73 1
e 97 74 1
e 97 76 1
e 97 77 1
e 97 78 1
e 97 79 1
e 97 80 1
e 97 81 1
e 97 83 1
e 97 84 1
e 97 85 1
e 97 86 1
e 97 87 1
e 97 88 1
e 97 89 1
e 97 91 1
e 97 93 1
e 97 95 1
e 97 96 1
e 98 1 1
e 98 2 1
e 98 3 1
e 98 4 1
e 98 5 942
e 98 6 1
e 98 7 1
e 98 8 1
e 98 9 1
e 98 10 1
e 98 11 1
e 98 12 1
e 98 13 1
e 98 14 1
e 98 15 1
e 98 16 1
e 98 17 1
e 98 18 1
e 98 19 1
e 98 20 1
e 98 21 1
e 98 22 1
e 98 23 1
e 98 24 1
e 98 25 1
e 98 27 1
e 98 28 1
e 98 29 1
e 98 30 1
e 98 31 1
e 98 32 1
e 98 33 1
e 98 34 1
e 98 35 1
e 98 36 1
e 98 39 1
e 98 40 1
e 98 41 1
e 98 42 1
e 98 43 1
e 98 44 1
e 98 45 1
e 98 46 1
e 98 47 1
e 98 48 1
e 98 49 1
e 98 50 1
e 98 51 1
e 98 52 1
e 98 53 1
e 98 54 1
e 98 55 1
e 98 56 1
e 98 57 1
e 98 61 1
e 98 62 1
e 98 63 1
e 98 64 1
e 98 65 1
e 98 66 1
e 98 67 1
e 98 68 1
e 98 69 1
e 98 70 1
e 98 71 927
e 98 72 1
e 98 73 1
e 98 74 1
e 98 75 1
e 98 76 1
e 98 77 1
e 98 78 1
e 98 79 1
e 98 80 1
e 98 81 1
e 98 82 1
e 98 83 1
e 98 84 1
e 98 85 1
e 98 86 1
e 98 87 1
e 98 88 1
e 98 89 1
e 98 90 1
e 98 91 1
e 98 92 1
e 98 93 1
e 98 94 1
e 98 96 1
e 98 97 1
e 99 1 1
e 99 2 1
e 99 3 1
e 99 4 1
e 99 5 583
e 99 6 1
e 99 7 1
e 99 8 1
e 99 9 1
e 99 10 1
e 99 11 1
e 99 12 1
e 99 13 1
e 99 14 1
e 99 15 1
e 99 16 1
e 99 17 1
e 99 18 1
e 99 19 1
e 99 20 1
e 99 21 1
e 99 22 1
e 99 23 1
e 99 24 1
e 99 25 1
e 99 26 1
e 99 27 1
e 99 28 1
e 99 29 1
e 99 30 1
e 99 31 1
e 99 32 1
e 99 33 1
e 99 34 1
e 99 35 1
e 99 36 1
e 99 37 1
e 99 39 1
e 99 40 1
e 99 41 1
e 99 42 1
e 99 43 1
e 99 44 1
e 99 45 1
e 99 48 1
e 99 49 1
e 99 50 1
e 99 51 1
e 99 52 1
e 99 53 1
e 99 54 1
e 99 55 1
e 99 56 1
e 99 57 1
e 99 58 1
e 99 59 1
e 99 60 1
e 99 61 1
e 99 62 1
e 99 63 1
e 99 64 1
e 99 65 1
e 99 66 1
e 99 67 1
e 99 68 1
e 99 69 1
e 99 70 1
e 99 71 801
e 99 72 1
e 99 73 1
e 99 74 1
e 99 75 1
e 99 76 1
e 99 77 1
e 99 78 1
e 99 79 1
e 99 80 1
e 99 81 1
e 99 83 1
e 99 84 1
e 99 85 1
e 99 86 1
e 99 87 1
e 99 88 1
e 99 89 1
e 99 90 1
e 99 91 1
e 99 92 1
e 99 93 1
e 99 94 1
e 99 96 1
e 99 97 1
e 99 98 1
e 100 1 1
e 100 2 1
e 100 3 1
e 100 4 1
e 100 5 500
e 100 6 1
e 100 7 1
e 100 8 1
e 100 9 1
e 100 10 1
e 100 11 1
e 100 12 1
e 100 13 1
e 100 14 1
e 100 15 1
e 100 16 1
e 100 17 1
e 100 18 1
e 100 19 1
e 100 21 1
e 100 22 1
e 100 24 1
e 100 25 1
e 100 26 1
e 100 27 1
e 100 28 1
e 100 29 1
e 100 30 1
e 100 31 1
e 100 32 1
e 100 33 1
e 100 34 1
e 100 35 1
e 100 37 1
e 100 38 1
e 100 39 1
e 100 40 1
e 100 41 1
e 100 42 1
e 100 43 1
e 100 44 1
e 100 45 1
e 100 46 1
e 100 48 1
e 100 50 1
e 100 51 1
e 100 52 1
e 100 53 1
e 100 54 1
e 100 56 1
e 100 57 1
e 100 58 1
e 100 60 1
e 100 61 1
e 100 62 1
e 100 63 1
e 100 65 1
e 100 67 1
e 100 68 1
e 100 70 1
e 100 72 1
e 100 73 1
e 100 74 1
e 100 75 1
e 100 76 1
e 100 78 1
e 100 79 1
e 100 80 1
e 100 81 1
e 100 82 1
e 100 84 1
e 100 85 1
e 100 86 1
e 100 87 1
e 100 88 1
e 100 89 1
e 100 90 1
e 100 91 1
e 100 92 1
e 100 93 1
e 100 94 1
e 100 95 1
e 100 97 1
e 100 98 1
e 100 99 1
e 101 1 1
e 101 2 1
e 101 3 1
e 101 4 1
e 101 5 639
e 101 6 1
e 101 7 1
e 101 8 1
e 101 9 1
e 101 10 1
e 101 11 1
e 101 12 1
e 101 13 1
e 101 14 1
e 101 15 1
e 101 17 1
e 101 18 1
e 101 19 1
e 101 20 1
e 101 21 1
e 101 22 1
e 101 23 1
e 101 24 1
e 101 25 1
e 101 26 1
e 101 27 1
e 101 28 1
e 101 29 1
e 101 30 1
e 101 31 1
e 101 32 1
e 101 33 1
e 101 34 1
e 101 35 1
e 101 36 1
e 101 37 1
e 101 38 1
e 101 39 1
e 101 40 1
e 101 41 1
e 101 42 1
e 101 43 1
e 101 44 1
e 101 45 1
e 101 46 1
e 101 47 1
e 101 48 1
e 101 49 1
e 101 51 1
e 101 52 1
e 101 53 1
e 101 54 1
e 101 55 1
e 101 56 1
e 101 57 1
e 101 58 1
e 101 59 1
e 101 60 1
e 101 61 1
e 101 62 1
e 101 64 1
e 101 65 1
e 101 66 1
e 101 67 1
e 101 68 1
e 101 69 1
e 101 70 1
e 101 71 831
e 101 73 1
e 101 74 1
e 101 75 1
e 101 76 1
e 101 77 1
e 101 78 1
e 101 79 1
e 101 80 1
e 101 81 1
e 101 82 1
e 101 83 1
e 101 84 1
e 101 85 1
e 101 86 1
e 101 87 1
e 101 88 1
e 101 89 1
e 101 90 1
e 101 91 1
e 101 92 1
e 101 93 1
e 101 94 1
e 101 95 1
e 101 97 1
e 101 98 1
e 101 99 1
e 101 100 1
e 102 1 1
e 102 2 1
e 102 3 1
e 102 4 1
e 102 5 889
e 102 6 1
e 102 7 1
e 102 8 1
e 102 9 1
e 102 10 1
e 102 11 1
e 102 14 1
e 102 15 1
e 102 16 1
e 102 19 1
e 102 20 1
e 102 22 1
e 102 24 1
e 102 25 1
e 102 26 1
e 102 27 1
e 102 28 1
e 102 29 1
e 102 30 1
e 102 31 1
e 102 32 1
e 102 33 1
e 102 34 1
e 102 35 1
e 102 36 1
e 102 37 1
e 102 38 1
e 102 39 1
e 102 40 1
e 102 42 1
e 102 43 1
e 102 44 1
e 102 45 1
e 102 46 1
e 102 47 1
e 102 48 1
e 102 49 1
e 102 53 1
e 102 54 1
e 102 55 1
e 102 56 1
e 102 57 1
e 102 58 1
e 102 59 1
e 102 60 1
e 102 61 1
e 102 62 1
e 102 64 1
e 102 65 1
e 102 66 1
e 102 67 1
e 102 68 1
e 102 69 1
e 102 70 1
e 102 71 923
e 102 72 1
e 102 73 1
e 102 74 1
e 102 75 1
e 102 76 1
e 102 77 1
e 102 78 1
e 102 79 1
e 102 80 1
e 102 81 1
e 102 82 1
e 102 83 1
e 102 84 1
e 102 85 1
e 102 86 1
e 102 87 1
e 102 88 1
e 102 89 1
e 102 90 1
e 102 91 1
e 102 92 1
e 102 93 1
e 102 94 1
e 102 95 1
e 102 96 1
e 102 97 1
e 102 98 1
e 102 100 1
e 102 101 1
e 103 1 1
e 103 2 1
e 103 3 1
e 103 4 1
e 103 5 836
e 103 6 1
e 103 7 1
e 103 8 1
e 103 9 1
e 103 10 1
e 103 11 1
e 103 12 1
e 103 13 1
e 103 14 1
e 103 15 1
e 103 17 1
e 103 18 1
e 103 19 1
e 103 20 1
e 103 21 1
e 103 22 1
e 103 23 1
e 103 24 1
e 103 25 1
e 103 26 1
e 103 27 1
e 103 28 1
e 103 29 1
e 103 30 1
e 103 31 1
e 103 32 1
e 103 33 1
e 103 34 1
e 103 35 1
e 103 38 1
e 103 39 1
e 103 40 1
e 103 41 1
e 103 42 1
e 103 43 1
e 103 44 1
e 103 45 1
e 103 46 1
e 103 49 1
e 103 50 1
e 103 52 1
e 103 53 1
e 103 54 1
e 103 55 1
e 103 56 1
e 103 58 1
e 103 59 1
e 103 60 1
e 103 61 1
e 103 62 1
e 103 63 1
e 103 64 1
e 103 65 1
e 103 66 1
e 103 67 1
e 103 68 1
e 103 70 1
e 103 73 1
e 103 74 1
e 103 76 1
e 103 77 1
e 103 78 1
e 103 79 1
e 103 80 1
e 103 81 1
e 103 82 1
e 103 84 1
e 103 85 1
e 103 86 1
e 103 88 1
e 103 89 1
e 103 90 1
e 103 91 1
e 103 92 1
e 103 93 1
e 103 94 1
e 103 95 1
e 103 96 1
e 103 97 1
e 103 98 1
e 103 99 1
e 103 100 1
e 103 101 1
e 103 102 1
e 104 1 1
e 104 2 1
e 104 3 1
e 104 4 1
e 104 5 749
e 104 7 1
e 104 8 1
e 104 9 1
e 104 10 1
e 104 11 1
e 104 13 1
e 104 14 1
e 104 15 1
e 104 16 1
e 104 17 1
e 104 19 1
e 104 20 1
e 104 21 1
e 104 22 1
e 104 23 1
e 104 24 1
e 104 25 1
e 104 26 1
e 104 27 1
e 104 28 1
e 104 29 1
e 104 30 1
e 104 31 1
e 104 32 1
e 104 33 1
e 104 34 1
e 104 35 1
e 104 36 1
e 104 37 1
e 104 39 1
e 104 40 1
e 104 41 1
e 104 42 1
e 104 43 1
e 104 44 1
e 104 45 1
e 104 46 1
e 104 47 1
e 104 48 1
e 104 49 1
e 104 50 1
e 104 51 1
e 104 52 1
e 104 53 1
e 104 54 1
e 104 55 1
e 104 56 1
e 104 57 1
e 104 58 1
e 104 59 1
e 104 60 1
e 104 61 1
e 104 62 1
e 104 63 1
e 104 64 1
e 104 65 1
e 104 66 1
e 104 67 1
e 104 68 1
e 104 69 1
e 104 70 1
e 104 71 758
e 104 72 1
e 104 73 1
e 104 74 1
e 104 75 1
e 104 76 1
e 104 77 1
e 104 78 1
e 104 79 1
e 104 80 1
e 104 81 1
e 104 82 1
e 104 83 1
e 104 84 1
e 104 85 1
e 104 86 1
e 104 87 1
e 104 88 1
e 104 89 1
e 104 90 1
e 104 91 1
e 104 92 1
e 104 93 1
e 104 94 1
e 104 95 1
e 104 96 1
e 104 97 1
e 104 98 1
e 104 99 1
e 104 100 1
e 104 102 1
e 104 103 1
e 105 1 1
e 105 2 1
e 105 3 1
e 105 4 1
e 105 5 519
e 105 7 1
e 105 8 1
e 105 9 1
e 105 10 1
e 105 11 1
e 105 12 1
e 105 13 1
e 105 14 1
e 105 15 1
e 105 16 1
e 105 17 1
e 105 18 1
e 105 19 1
e 105 20 1
e 105 21 1
e 105 22 1
e 105 23 1
e 105 24 1
e 105 25 1
e 105 26 1
e 105 27 1
e 105 28 1
e 105 29 1
e 105 30 1
e 105 31 1
e 105 32 1
e 105 33 1
e 105 34 1
e 105 35 1
e 105 37 1
e 105 39 1
e 105 40 1
e 105 41 1
e 105 42 1
e 105 43 1
e 105 44 1
e 105 45 1
e 105 47 1
e 105 48 1
e 105 50 1
e 105 51 1
e 105 52 1
e 105 53 1
e 105 54 1
e 105 55 1
e 105 56 1
e 105 57 1
e 105 59 1
e 105 60 1
e 105 61 1
e 105 62 1
e 105 63 1
e 105 64 1
e 105 65 1
e 105 66 1
e 105 67 1
e 105 69 1
e 105 70 1
e 105 71 994
e 105 72 1
e 105 73 1
e 105 74 1
e 105 75 1
e 105 76 1
e 105 79 1
e 105 80 1
e 105 81 1
e 105 82 1
e 105 83 1
e 105 84 1
e 105 85 1
e 105 86 1
e 105 87 1
e 105 88 1
e 105 89 1
e 105 91 1
e 105 92 1
e 105 93 1
e 105 94 1
e 105 95 1
e 105 96 1
e 105 97 1
e 105 98 1
e 105 99 1
e 105 100 1
e 105 101 1
e 105 102 1
e 106 2 1
e 106 3 1
e 106 4 1
e 106 5 648
e 106 6 1
e 106 7 1
e 106 8 1
e 106 9 1
e 106 10 1
e 106 11 1
e 106 12 1
e 106 13 1
e 106 15 1
e 106 16 1
e 106 17 1
e 106 18 1
e 106 20 1
e 106 21 1
e 106 23 1
e 106 24 1
e 106 25 1
e 106 26 1
e 106 27 1
e 106 28 1
e 106 30 1
e 106 31 1
e 106 32 1
e 106 33 1
e 106 34 1
e 106 35 1
e 106 36 1
e 106 37 1
e 106 38 1
e 106 40 1
e 106 41 1
e 106 42 1
e 106 43 1
e 106 44 1
e 106 45 1
e 106 46 1
e 106 47 1
e 106 48 1
e 106 49 1
e 106 50 1
e 106 51 1
e 106 52 1
e 106 53 1
e 106 54 1
e 106 55 1
e 106 57 1
e 106 58 1
e 106 59 1
e 106 60 1
e 106 61 1
e 106 62 1
e 106 63 1
e 106 64 1
e 106 65 1
e 106 66 1
e 106 67 1
e 106 69 1
e 106 70 1
e 106 71 518
e 106 72 1
e 106 73 1
e 106 74 1
e 106 75 1
e 106 76 1
e 106 77 1
e 106 78 1
e 106 79 1
e 106 80 1
e 106 81 1
e 106 82 1
e 106 84 1
e 106 85 1
e 106 86 1
e 106 87 1
e 106 88 1
e 106 89 1
e 106 90 1
e 106 91 1
e 106 92 1
e 106 93 1
e 106 95 1
e 106 96 1
e 106 97 1
e 106 98 1
e 106 99 1
e 106 100 1
e 106 101 1
e 106 102 1
e 106 104 1
e 106 105 1
e 107 1 1
e 107 2 1
e 107 3 1
e 107 4 1
e 107 5 903
e 107 6 1
e 107 7 1
e 107 8 1
e 107 9 1
e 107 10 1
e 107 11 1
e 107 12 1
e 107 13 1
e 107 14 1
e 107 15 1
e 107 16 1
e 107 17 1
e 107 18 1
e 107 19 1
e 107 21 1
e 107 22 1
e 107 24 1
e 107 25 1
e 107 26 1
e 107 27 1
e 107 28 1
e 107 29 1
e 107 30 1
e 107 31 1
e 107 32 1
e 107 34 1
e 107 35 1
e 107 36 1
e 107 37 1
e 107 38 1
e 107 39 1
e 107 40 1
e 107 41 1
e 107 43 1
e 107 44 1
e 107 45 1
e 107 46 1
e 107 47 1
e 107 48 1
e 107 49 1
e 107 51 1
e 107 52 1
e 107 53 1
e 107 54 1
e 107 55 1
e 107 56 1
e 107 57 1
e 107 60 1
e 107 61 1
e 107 62 1
e 107 63 1
e 107 64 1
e 107 65 1
e 107 66 1
e 107 68 1
e 107 69 1
e 107 71 648
e 107 72 1
e 107 73 1
e 107 74 1
e 107 75 1
e 107 76 1
e 107 78 1
e 107 79 1
e 107 80 1
e 107 81 1
e 107 82 1
e 107 83 1
e 107 85 1
e 107 86 1
e 107 87 1
e 107 88 1
e 107 89 1
e 107 90 1
e 107 91 1
e 107 92 1
e 107 93 1
e 107 94 1
e 107 95 1
e 107 96 1
e 107 97 1
e 107 98 1
e 107 99 1
e 107 100 1
e 107 101 1
e 107 102 1
e 107 103 1
e 107 104 1
e 107 105 1
e 107 106 1
e 108 2 1
e 108 4 1
e 108 6 1
e 108 8 1
e 108 10 1
e 108 11 1
e 108 12 1
e 108 15 1
e 108 16 1
e 108 17 1
e 108 18 1
e 108 19 1
e 108 21 1
e 108 22 1
e 108 23 1
e 108 24 1
e 108 25 1
e 108 26 1
e 108 27 1
e 108 29 1
e 108 31 1
e 108 34 1
e 108 35 1
e 108 36 1
e 108 37 1
e 108 39 1
e 108 40 1
e 108 42 1
e 108 43 1
e 108 44 1
e 108 45 1
e 108 46 1
e 108 47 1
e 108 48 1
e 108 49 1
e 108 50 1
e 108 51 1
e 108 52 1
e 108 53 1
e 108 54 1
e 108 55 1
e 108 56 1
e 108 57 1
e 108 59 1
e 108 60 1
e 108 61 1
e 108 62 1
e 108 63 1
e 108 64 1
e 108 65 1
e 108 67 1
e 108 68 1
e 108 69 1
e 108 70 1
e 108 71 766
e 108 72 1
e 108 74 1
e 108 76 1
e 108 77 1
e 108 78 1
e 108 80 1
e 108 81 1
e 108 82 1
e 108 83 1
e 108 84 1
e 108 85 1
e 108 86 1
e 108 87 1
e 108 88 1
e 108 89 1
e 108 90 1
e 108 91 1
e 108 92 1
e 108 93 1
e 108 95 1
e 108 96 1
e 108 97 1
e 108 98 1
e 108 99 1
e 108 100 1
e 108 101 1
e 108 102 1
e 108 103 1
e 108 104 1
e 108 105 1
e 108 106 1
e 108 107 1
e 109 2 1
e 109 3 1
e 109 4 1
e 109 5 999
e 109 6 1
e 109 7 1
e 109 8 1
e 109 9 1
e 109 10 1
e 109 11 1
e 109 12 1
e 109 13 1
e 109 14 1
e 109 16 1
e 109 17 1
e 109 18 1
e 109 19 1
e 109 20 1
e 109 21 1
e 109 22 1
e 109 23 1
e 109 24 1
e 109 25 1
e 109 26 1
e 109 27 1
e 109 28 1
e 109 29 1
e 109 30 1
e 109 31 1
e 109 32 1
e 109 33 1
e 109 34 1
e 109 35 1
e 109 37 1
e 109 38 1
e 109 39 1
e 109 40 1
e 109 41 1
e 109 42 1
e 109 43 1
e 109 45 1
e 109 46 1
e 109 47 1
e 109 50 1
e 109 51 1
e 109 52 1
e 109 53 1
e 109 54 1
e 109 55 1
e 109 56 1
e 109 57 1
e 109 58 1
e 109 59 1
e 109 60 1
e 109 61 1
e 109 62 1
e 109 63 1
e 109 64 1
e 109 65 1
e 109 66 1
e 109 67 1
e 109 68 1
e 109 69 1
e 109 70 1
e 109 71 757
e 109 72 1
e 109 73 1
e 109 74 1
e 109 75 1
e 109 76 1
e 109 77 1
e 109 78 1
e 109 79 1
e 109 80 1
e 109 81 1
e 109 82 1
e 109 83 1
e 109 84 1
e 109 86 1
e 109 87 1
e 109 88 1
e 109 89 1
e 109 90 1
e 109 91 1
e 109 92 1
e 109 94 1
e 109 95 1
e 109 97 1
e 109 98 1
e 109 100 1
e 109 101 1
e 109 102 1
e 109 104 1
e 109 105 1
e 109 106 1
e 109 107 1
e 109 108 1
e 110 1 1
e 110 2 1
e 110 3 1
e 110 4 1
e 110 5 825
e 110 6 1
e 110 7 1
e 110 9 1
e 110 10 1
e 110 11 1
e 110 12 1
e 110 13 1
e 110 14 1
e 110 15 1
e 110 16 1
e 110 17 1
e 110 18 1
e 110 19 1
e 110 20 1
e 110 22 1
e 110 23 1
e 110 24 1
e 110 25 1
e 110 26 1
e 110 27 1
e 110 28 1
e 110 29 1
e 110 30 1
e 110 31 1
e 110 32 1
e 110 33 1
e 110 34 1
e 110 35 1
e 110 36 1
e 110 38 1
e 110 39 1
e 110 40 1
e 110 41 1
e 110 42 1
e 110 43 1
e 110 44 1
e 110 45 1
e 110 46 1
e 110 47 1
e 110 48 1
e 110 49 1
e 110 50 1
e 110 51 1
e 110 52 1
e 110 53 1
e 110 54 1
e 110 55 1
e 110 56 1
e 110 57 1
e 110 58 1
e 110 59 1
e 110 60 1
e 110 61 1
e 110 62 1
e 110 63 1
e 110 65 1
e 110 66 1
e 110 67 1
e 110 68 1
e 110 69 1
e 110 70 1
e 110 71 673
e 110 72 1
e 110 73 1
e 110 74 1
e 110 75 1
e 110 77 1
e 110 78 1
e 110 79 1
e 110 80 1
e 110 81 1
e 110 82 1
e 110 83 1
e 110 84 1
e 110 85 1
e 110 86 1
e 110 87 1
e 110 88 1
e 110 89 1
e 110 91 1
e 110 92 1
e 110 93 1
e 110 94 1
e 110 95 1
e 110 96 1
e 110 97 1
e 110 98 1
e 110 99 1
e 110 100 1
e 110 101 1
e 110 103 1
e 110 104 1
e 110 105 1
e 110 106 1
e 110 107 1
e 110 108 1
e 110 109 1
e 111 1 1
e 111 2 1
e 111 3 1
e 111 4 1
e 111 5 826
e 111 6 1
e 111 7 1
e 111 8 1
e 111 9 1
e 111 10 1
e 111 11 1
e 111 12 1
e 111 13 1
e 111 14 1
e 111 15 1
e 111 16 1
e 111 18 1
e 111 19 1
e 111 20 1
e 111 21 1
e 111 22 1
e 111 23 1
e 111 25 1
e 111 26 1
e 111 27 1
e 111 28 1
e 111 29 1
e 111 30 1
e 111 32 1
e 111 33 1
e 111 34 1
e 111 35 1
e 111 36 1
e 111 37 1
e 111 38 1
e 111 39 1
e 111 40 1
e 111 42 1
e 111 43 1
e 111 44 1
e 111 46 1
e 111 47 1
e 111 48 1
e 111 49 1
e 111 50 1
e 111 51 1
e 111 52 1
e 111 53 1
e 111 54 1
e 111 55 1
e 111 56 1
e 111 57 1
e 111 58 1
e 111 59 1
e 111 60 1
e 111 61 1
e 111 62 1
e 111 63 1
e 111 64 1
e 111 66 1
e 111 67 1
e 111 68 1
e 111 69 1
e 111 70 1
e 111 71 878
e 111 72 1
e 111 73 1
e 111 74 1
e 111 75 1
e 111 76 1
e 111 77 1
e 111 78 1
e 111 79 1
e 111 80 1
e 111 81 1
e 111 82 1
e 111 83 1
e 111 84 1
e 111 85 1
e 111 86 1
e 111 87 1
e 111 88 1
e 111 89 1
e 111 90 1
e 111 91 1
e 111 92 1
e 111 93 1
e 111 94 1
e 111 95 1
e 111 96 1
e 111 97 1
e 111 98 1
e 111 99 1
e 111 100 1
e 111 101 1
e 111 102 1
e 111 103 1
e 111 104 1
e 111 105 1
e 111 106 1
e 111 107 1
e 111 108 1
e 111 109 1
e 111 110 1
e 112 1 1
e 112 2 1
e 112 3 1
e 112 4 1
e 112 5 953
e 112 6 1
e 112 7 1
e 112 8 1
e 112 9 1
e 112 10 1
e 112 12 1
e 112 13 1
e 112 14 1
e 112 15 1
e 112 17 1
e 112 18 1
e 112 19 1
e 112 20 1
e 112 21 1
e 112 22 1
e 112 23 1
e 112 24 1
e 112 25 1
e 112 26 1
e 112 27 1
e 112 29 1
e 112 30 1
e 112 31 1
e 112 32 1
e 112 33 1
e 112 34 1
e 112 35 1
e 112 36 1
e 112 37 1
e 112 39 1
e 112 41 1
e 112 42 1
e 112 43 1
e 112 44 1
e 112 46 1
e 112 47 1
e 112 48 1
e 112 49 1
e 112 50 1
e 112 51 1
e 112 52 1
e 112 53 1
e 112 54 1
e 112 55 1
e 112 56 1
e 112 57 1
e 112 58 1
e 112 59 1
e 112 60 1
e 112 61 1
e 112 63 1
e 112 64 1
e 112 65 1
e 112 66 1
e 112 67 1
e 112 68 1
e 112 69 1
e 112 71 620
e 112 72 1
e 112 73 1
e 112 74 1
e 112 76 1
e 112 77 1
e 112 79 1
e 112 80 1
e 112 82 1
e 112 83 1
e 112 84 1
e 112 86 1
e 112 87 1
e 112 88 1
e 112 90 1
e 112 91 1
e 112 92 1
e 112 93 1
e 112 94 1
e 112 95 1
e 112 96 1
e 112 97 1
e 112 98 1
e 112 99 1
e 112 100 1
e 112 102 1
e 112 103 1
e 112 104 1
e 112 106 1
e 112 107 1
e 112 108 1
e 112 109 1
e 112 110 1
e 112 111 1
e 113 1 1
e 113 2 1
e 113 3 1
e 113 4 1
e 113 5 724
e 113 6 1
e 113 7 1
e 113 9 1
e 113 10 1
e 113 11 1
e 113 12 1
e 113 13 1
e 113 14 1
e 113 15 1
e 113 16 1
e 113 17 1
e 113 21 1
e 113 22 1
e 113 23 1
e 113 24 1
e 113 25 1
e 113 27 1
e 113 28 1
e 113 29 1
e 113 31 1
e 113 32 1
e 113 33 1
e 113 34 1
e 113 35 1
e 113 36 1
e 113 37 1
e 113 39 1
e 113 40 1
e 113 41 1
e 113 44 1
e 113 45 1
e 113 46 1
e 113 47 1
e 113 48 1
e 113 49 1
e 113 50 1
e 113 52 1
e 113 53 1
e 113 54 1
e 113 55 1
e 113 57 1
e 113 58 1
e 113 59 1
e 113 60 1
e 113 61 1
e 113 62 1
e 113 63 1
e 113 65 1
e 113 66 1
e 113 67 1
e 113 69 1
e 113 70 1
e 113 71 593
e 113 72 1
e 113 73 1
e 113 74 1
e 113 76 1
e 113 77 1
e 113 78 1
e 113 79 1
e 113 80 1
e 113 81 1
e 113 82 1
e 113 84 1
e 113 85 1
e 113 86 1
e 113 87 1
e 113 88 1
e 113 89 1
e 113 90 1
e 113 92 1
e 113 93 1
e 113 94 1
e 113 95 1
e 113 96 1
e 113 97 1
e 113 98 1
e 113 99 1
e 113 100 1
e 113 101 1
e 113 102 1
e 113 103 1
e 113 104 1
e 113 105 1
e 113 106 1
e 113 107 1
e 113 108 1
e 113 109 1
e 113 110 1
e 113 111 1
e 113 112 1
e 114 1 1
e 114 2 1
e 114 3 1
e 114 4 1
e 114 5 536
e 114 7 1
e 114 8 1
e 114 9 1
e 114 10 1
e 114 11 1
e 114 13 1
e 114 14 1
e 114 15 1
e 114 16 1
e 114 17 1
e 114 18 1
e 114 19 1
e 114 20 1
e 114 21 1
e 114 22 1
e 114 23 1
e 114 25 1
e 114 26 1
e 114 27 1
e 114 28 1
e 114 29 1
e 114 30 1
e 114 31 1
e 114 32 1
e 114 33 1
e 114 34 1
e 114 35 1
e 114 36 1
e 114 37 1
e 114 38 1
e 114 39 1
e 114 40 1
e 114 41 1
e 114 42 1
e 114 43 1
e 114 44 1
e 114 45 1
e 114 46 1
e 114 47 1
e 114 48 1
e 114 49 1
e 114 50 1
e 114 51 1
e 114 52 1
e 114 53 1
e 114 54 1
e 114 55 1
e 114 56 1
e 114 57 1
e 114 58 1
e 114 59 1
e 114 60 1
e 114 61 1
e 114 62 1
e 114 63 1
e 114 65 1
e 114 66 1
e 114 67 1
e 114 68 1
e 114 69 1
e 114 70 1
e 114 71 692
e 114 72 1
e 114 73 1
e 114 74 1
e 114 75 1
e 114 76 1
e 114 77 1
e 114 78 1
e 114 79 1
e 114 80 1
e 114 82 1
e 114 83 1
e 114 84 1
e 114 85 1
e 114 86 1
e 114 87 1
e 114 88 1
e 114 89 1
e 114 90 1
e 114 91 1
e 114 92 1
e 114 93 1
e 114 94 1
e 114 95 1
e 114 96 1
e 114 97 1
e 114 98 1
e 114 99 1
e 114 100 1
e 114 101 1
e 114 102 1
e 114 103 1
e 114 104 1
e 114 105 1
e 114 106 1
e 114 107 1
e 114 108 1
e 114 109 1
e 114 110 1
e 114 111 1
e 114 112 1
e 114 113 1
e 115 1 1
e 115 2 1
e 115 4 1
e 115 5 604
e 115 6 1
e 115 7 1
e 115 8 1
e 115 9 1
e 115 10 1
e 115 11 1
e 115 12 1
e 115 13 1
e 115 14 1
e 115 15 1
e 115 16 1
e 115 17 1
e 115 18 1
e 115 19 1
e 115 20 1
e 115 21 1
e 115 22 1
e 115 23 1
e 115 24 1
e 115 25 1
e 115 26 1
e 115 27 1
e 115 28 1
e 115 29 1
e 115 30 1
e 115 31 1
e 115 32 1
e 115 34 1
e 115 36 1
e 115 37 1
e 115 38 1
e 115 39 1
e 115 40 1
e 115 41 1
e 115 43 1
e 115 44 1
e 115 45 1
e 115 46 1
e 115 47 1
e 115 48 1
e 115 49 1
e 115 50 1
e 115 51 1
e 115 52 1
e 115 53 1
e 115 54 1
e 115 55 1
e 115 56 1
e 115 57 1
e 115 58 1
e 115 59 1
e 115 60 1
e 115 61 1
e 115 62 1
e 115 65 1
e 115 68 1
e 115 69 1
e 115 70 1
e 115 71 637
e 115 72 1
e 115 73 1
e 115 74 1
e 115 75 1
e 115 76 1
e 115 77 1
e 115 78 1
e 115 79 1
e 115 80 1
e 115 81 1
e 115 82 1
e 115 83 1
e 115 84 1
e 115 85 1
e 115 86 1
e 115 87 1
e 115 88 1
e 115 89 1
e 115 90 1
e 115 91 1
e 115 92 1
e 115 93 1
e 115 95 1
e 115 97 1
e 115 98 1
e 115 99 1
e 115 100 1
e 115 101 1
e 115 102 1
e 115 103 1
e 115 104 1
e 115 105 1
e 115 106 1
e 115 107 1
e 115 109 1
e 115 110 1
e 115 111 1
e 115 112 1
e 115 113 1
e 115 114 1
e 116 1 1
e 116 2 1
e 116 3 1
e 116 4 1
e 116 5 934
e 116 6 1
e 116 7 1
e 116 8 1
e 116 10 1
e 116 11 1
e 116 12 1
e 116 13 1
e 116 14 1
e 116 15 1
e 116 16 1
e 116 18 1
e 116 19 1
e 116 20 1
e 116 21 1
e 116 22 1
e 116 23 1
e 116 24 1
e 116 25 1
e 116 26 1
e 116 28 1
e 116 29 1
e 116 30 1
e 116 31 1
e 116 32 1
e 116 34 1
e 116 35 1
e 116 36 1
e 116 37 1
e 116 38 1
e 116 39 1
e 116 40 1
e 116 42 1
e 116 43 1
e 116 44 1
e 116 45 1
e 116 46 1
e 116 47 1
e 116 48 1
e 116 49 1
e 116 50 1
e 116 51 1
e 116 53 1
e 116 54 1
e 116 56 1
e 116 57 1
e 116 58 1
e 116 59 1
e 116 60 1
e 116 62 1
e 116 63 1
e 116 64 1
e 116 65 1
e 116 66 1
e 116 67 1
e 116 68 1
e 116 70 1
e 116 71 662
e 116 72 1
e 116 73 1
e 116 74 1
e 116 75 1
e 116 76 1
e 116 77 1
e 116 78 1
e 116 79 1
e 116 80 1
e 116 81 1
e 116 82 1
e 116 83 1
e 116 84 1
e 116 85 1
e 116 86 1
e 116 89 1
e 116 91 1
e 116 92 1
e 116 94 1
e 116 95 1
e 116 96 1
e 116 98 1
e 116 99 1
e 116 100 1
e 116 101 1
e 116 102 1
e 116 103 1
e 116 104 1
e 116 105 1
e 116 106 1
e 116 107 1
e 116 108 1
e 116 109 1
e 116 110 1
e 116 111 1
e 116 112 1
e 116 113 1
e 116 114 1
e 116 115 1
e 117 1 1
e 117 2 1
e 117 4 1
e 117 5 960
e 117 6 1
e 117 7 1
e 117 8 1
e 117 9 1
e 117 10 1
e 117 11 1
e 117 12 1
e 117 13 1
e 117 14 1
e 117 15 1
e 117 16 1
e 117 17 1
e 117 18 1
e 117 19 1
e 117 20 1
e 117 21 1
e 117 22 1
e 117 23 1
e 117 24 1
e 117 25 1
e 117 26 1
e 117 27 1
e 117 28 1
e 117 29 1
e 117 30 1
e 117 31 1
e 117 33 1
e 117 34 1
e 117 35 1
e 117 36 1
e 117 37 1
e 117 38 1
e 117 40 1
e 117 41 1
e 117 42 1
e 117 43 1
e 117 44 1
e 117 45 1
e 117 46 1
e 117 47 1
e 117 48 1
e 117 49 1
e 117 50 1
e 117 51 1
e 117 52 1
e 117 53 1
e 117 54 1
e 117 55 1
e 117 56 1
e 117 57 1
e 117 58 1
e 117 59 1
e 117 60 1
e 117 61 1
e 117 63 1
e 117 64 1
e 117 65 1
e 117 66 1
e 117 67 1
e 117 68 1
e 117 69 1
e 117 70 1
e 117 71 686
e 117 72 1
e 117 74 1
e 117 75 1
e 117 77 1
e 117 78 1
e 117 79 1
e 117 80 1
e 117 81 1
e 117 82 1
e 117 83 1
e 117 84 1
e 117 85 1
e 117 87 1
e 117 88 1
e 117 89 1
e 117 90 1
e 117 91 1
e 117 92 1
e 117 93 1
e 117 94 1
e 117 95 1
e 117 96 1
e 117 98 1
e 117 99 1
e 117 100 1
e 117 101 1
e 117 102 1
e 117 103 1
e 117 104 1
e 117 106 1
e 117 107 1
e 117 108 1
e 117 109 1
e 117 110 1
e 117 111 1
e 117 112 1
e 117 114 1
e 117 115 1
e 117 116 1
e 118 2 1
e 118 3 1
e 118 4 1
e 118 5 571
e 118 6 1
e 118 7 1
e 118 8 1
e 118 9 1
e 118 11 1
e 118 12 1
e 118 13 1
e 118 14 1
e 118 15 1
e 118 16 1
e 118 17 1
e 118 18 1
e 118 19 1
e 118 20 1
e 118 21 1
e 118 22 1
e 118 23 1
e 118 24 1
e 118 25 1
e 118 26 1
e 118 27 1
e 118 28 1
e 118 29 1
e 118 30 1
e 118 31 1
e 118 32 1
e 118 33 1
e 118 35 1
e 118 36 1
e 118 37 1
e 118 38 1
e 118 39 1
e 118 40 1
e 118 41 1
e 118 42 1
e 118 43 1
e 118 44 1
e 118 45 1
e 118 46 1
e 118 47 1
e 118 48 1
e 118 49 1
e 118 50 1
e 118 51 1
e 118 52 1
e 118 53 1
e 118 54 1
e 118 55 1
e 118 56 1
e 118 58 1
e 118 59 1
e 118 60 1
e 118 61 1
e 118 62 1
e 118 63 1
e 118 64 1
e 118 65 1
e 118 66 1
e 118 67 1
e 118 68 1
e 118 69 1
e 118 70 1
e 118 71 834
e 118 72 1
e 118 73 1
e 118 74 1
e 118 76 1
e 118 77 1
e 118 78 1
e 118 80 1
e 118 81 1
e 118 82 1
e 118 83 1
e 118 84 1
e 118 85 1
e 118 86 1
e 118 87 1
e 118 88 1
e 118 89 1
e 118 90 1
e 118 91 1
e 118 92 1
e 118 93 1
e 118 94 1
e 118 95 1
e 118 96 1
e 118 98 1
e 118 99 1
e 118 101 1
e 118 102 1
e 118 103 1
e 118 104 1
e 118 105 1
e 118 106 1
e 118 108 1
e 118 110 1
e 118 111 1
e 118 112 1
e 118 113 1
e 118 114 1
e 118 115 1
e 119 1 1
e 119 2 1
e 119 3 1
e 119 4 1
e 119 5 861
e 119 6 1
e 119 7 1
e 119 8 1
e 119 9 1
e 119 10 1
e 119 11 1
e 119 12 1
e 119 13 1
e 119 14 1
e 119 16 1
e 119 17 1
e 119 18 1
e 119 19 1
e 119 20 1
e 119 21 1
e 119 22 1
e 119 23 1
e 119 24 1
e 119 25 1
e 119 26 1
e 119 27 1
e 119 28 1
e 119 29 1
e 119 30 1
e 119 31 1
e 119 32 1
e 119 33 1
e 119 34 1
e 119 35 1
e 119 36 1
e 119 37 1
e 119 38 1
e 119 39 1
e 119 40 1
e 119 41 1
e 119 42 1
e 119 45 1
e 119 46 1
e 119 47 1
e 119 48 1
e 119 49 1
e 119 50 1
e 119 51 1
e 119 52 1
e 119 53 1
e 119 56 1
e 119 57 1
e 119 58 1
e 119 59 1
e 119 60 1
e 119 61 1
e 119 62 1
e 119 63 1
e 119 64 1
e 119 65 1
e 119 66 1
e 119 67 1
e 119 68 1
e 119 69 1
e 119 70 1
e 119 71 554
e 119 72 1
e 119 73 1
e 119 74 1
e 119 75 1
e 119 77 1
e 119 79 1
e 119 80 1
e 119 81 1
e 119 82 1
e 119 83 1
e 119 84 1
e 119 85 1
e 119 86 1
e 119 87 1
e 119 88 1
e 119 89 1
e 119 90 1
e 119 91 1
e 119 92 1
e 119 93 1
e 119 94 1
e 119 97 1
e 119 98 1
e 119 99 1
e 119 100 1
e 119 101 1
e 119 102 1
e 119 103 1
e 119 104 1
e 119 105 1
e 119 106 1
e 119 107 1
e 119 108 1
e 119 109 1
e 119 110 1
e 119 111 1
e 119 112 1
e 119 113 1
e 119 114 1
e 119 116 1
e 119 118 1
e 120 1 1
e 120 3 1
e 120 4 1
e 120 5 805
e 120 6 1
e 120 7 1
e 120 8 1
e 120 9 1
e 120 10 1
e 120 11 1
e 120 12 1
e 120 13 1
e 120 14 1
e 120 15 1
e 120 16 1
e 120 17 1
e 120 18 1
e 120 19 1
e 120 20 1
e 120 21 1
e 120 22 1
e 120 23 1
e 120 25 1
e 120 26 1
e 120 27 1
e 120 28 1
e 120 29 1
e 120 30 1
e 120 31 1
e 120 33 1
e 120 34 1
e 120 36 1
e 120 37 1
e 120 38 1
e 120 39 1
e 120 40 1
e 120 41 1
e 120 42 1
e 120 43 1
e 120 44 1
e 120 45 1
e 120 46 1
e 120 47 1
e 120 48 1
e 120 49 1
e 120 50 1
e 120 52 1
e 120 53 1
e 120 54 1
e 120 56 1
e 120 57 1
e 120 58 1
e 120 59 1
e 120 60 1
e 120 62 1
e 120 63 1
e 120 64 1
e 120 65 1
e 120 66 1
e 120 67 1
e 120 69 1
e 120 70 1
e 120 71 694
e 120 72 1
e 120 73 1
e 120 74 1
e 120 75 1
e 120 76 1
e 120 78 1
e 120 79 1
e 120 80 1
e 120 81 1
e 120 82 1
e 120 83 1
e 120 84 1
e 120 85 1
e 120 87 1
e 120 89 1
e 120 90 1
e 120 93 1
e 120 94 1
e 120 95 1
e 120 96 1
e 120 97 1
e 120 98 1
e 120 99 1
e 120 100 1
e 120 101 1
e 120 103 1
e 120 104 1
e 120 105 1
e 120 106 1
e 120 107 1
e 120 108 1
e 120 109 1
e 120 110 1
e 120 111 1
e 120 112 1
e 120 113 1
e 120 114 1
e 120 115 1
e 120 116 1
e 120 117 1
e 120 118 1
e 120 119 1
e 121 1 1
e 121 2 1
e 121 3 1
e 121 4 1
e 121 5 623
e 121 6 1
e 121 7 1
e 121 9 1
e 121 11 1
e 121 12 1
e 121 14 1
e 121 15 1
e 121 16 1
e 121 17 1
e 121 18 1
e 121 19 1
e 121 20 1
e 121 21 1
e 121 23 1
e 121 24 1
e 121 25 1
e 121 26 1
e 121 27 1
e 121 28 1
e 121 29 1
e 121 30 1
e 121 31 1
e 121 32 1
e 121 33 1
e 121 34 1
e 121 35 1
e 121 36 1
e 121 37 1
e 121 38 1
e 121 39 1
e 121 40 1
e 121 41 1
e 121 42 1
e 121 44 1
e 121 45 1
e 121 47 1
e 121 48 1
e 121 49 1
e 121 50 1
e 121 51 1
e 121 52 1
e 121 54 1
e 121 55 1
e 121 56 1
e 121 57 1
e 121 58 1
e 121 59 1
e 121 60 1
e 121 61 1
e 121 62 1
e 121 63 1
e 121 64 1
e 121 66 1
e 121 67 1
e 121 68 1
e 121 70 1
e 121 71 849
e 121 72 1
e 121 73 1
e 121 74 1
e 121 75 1
e 121 76 1
e 121 77 1
e 121 79 1
e 121 80 1
e 121 81 1
e 121 82 1
e 121 83 1
e 121 84 1
e 121 85 1
e 121 86 1
e 121 87 1
e 121 90 1
e 121 91 1
e 121 92 1
e 121 93 1
e 121 94 1
e 121 95 1
e 121 96 1
e 121 97 1
e 121 98 1
e 121 99 1
e 121 100 1
e 121 101 1
e 121 102 1
e 121 103 1
e 121 104 1
e 121 105 1
e 121 107 1
e 121 108 1
e 121 109 1
e 121 110 1
e 121 111 1
e 121 112 1
e 121 113 1
e 121 114 1
e 121 115 1
e 121 116 1
e 121 117 1
e 121 118 1
e 121 119 1
e 121 120 1
e 122 1 1
e 122 2 1
e 122 3 1
e 122 4 1
e 122 5 917
e 122 6 1
e 122 7 1
e 122 8 1
e 122 9 1
e 122 10 1
e 122 11 1
e 122 12 1
e 122 13 1
e 122 14 1
e 122 15 1
e 122 16 1
e 122 17 1
e 122 18 1
e 122 19 1
e 122 20 1
e 122 21 1
e 122 22 1
e 122 23 1
e 122 24 1
e 122 25 1
e 122 26 1
e 122 27 1
e 122 28 1
e 122 29 1
e 122 30 1
e 122 31 1
e 122 32 1
e 122 33 1
e 122 34 1
e 122 35 1
e 122 37 1
e 122 38 1
e 122 40 1
e 122 41 1
e 122 43 1
e 122 44 1
e 122 45 1
e 122 46 1
e 122 47 1
e 122 48 1
e 122 49 1
e 122 50 1
e 122 51 1
e 122 52 1
e 122 54 1
e 122 55 1
e 122 56 1
e 122 57 1
e 122 60 1
e 122 61 1
e 122 62 1
e 122 63 1
e 122 64 1
e 122 65 1
e 122 66 1
e 122 67 1
e 122 68 1
e 122 69 1
e 122 70 1
e 122 71 901
e 122 74 1
e 122 75 1
e 122 76 1
e 122 77 1
e 122 78 1
e 122 79 1
e 122 80 1
e 122 81 1
e 122 82 1
e 122 83 1
e 122 85 1
e 122 86 1
e 122 87 1
e 122 88 1
e 122 89 1
e 122 91 1
e 122 92 1
e 122 93 1
e 122 94 1
e 122 96 1
e 122 97 1
e 122 98 1
e 122 99 1
e 122 100 1
e 122 101 1
e 122 102 1
e 122 103 1
e 122 104 1
e 122 107 1
e 122 108 1
e 122 109 1
e 122 110 1
e 122 111 1
e 122 112 1
e 122 113 1
e 122 114 1
e 122 115 1
e 122 116 1
e 122 117 1
e 122 118 1
e 122 119 1
e 122 120 1
e 122 121 1
e 123 1 906
e 123 2 731
e 123 3 999
e 123 4 763
e 123 5 712
e 123 6 906
e 123 7 679
e 123 8 649
e 123 9 811
e 123 10 606
e 123 11 741
e 123 12 755
e 123 13 745
e 123 14 822
e 123 15 544
e 123 16 555
e 123 17 879
e 123 18 510
e 123 19 963
e 123 20 853
e 123 21 551
e 123 22 780
e 123 23 608
e 123 24 581
e 123 25 676
e 123 26 692
e 123 27 663
e 123 28 620
e 123 29 929
e 123 30 666
e 123 31 591
e 123 32 554
e 123 33 545
e 123 34 726
e 123 35 652
e 123 36 502
e 123 37 986
e 123 38 660
e 123 39 621
e 123 40 924
e 123 41 995
e 123 43 944
e 123 44 544
e 123 45 645
e 123 46 808
e 123 47 709
e 123 48 557
e 123 49 753
e 123 50 906
e 123 51 638
e 123 52 584
e 123 53 585
e 123 54 921
e 123 55 544
e 123 56 560
e 123 57 760
e 123 58 980
e 123 59 914
e 123 60 756
e 123 61 943
e 123 62 811
e 123 63 552
e 123 64 644
e 123 65 590
e 123 67 930
e 123 68 539
e 123 69 842
e 123 70 907
e 123 71 649
e 123 73 708
e 123 74 835
e 123 75 945
e 123 76 783
e 123 77 676
e 123 78 978
e 123 79 966
e 123 80 674
e 123 81 903
e 123 82 502
e 123 83 670
e 123 84 767
e 123 85 872
e 123 87 820
e 123 88 592
e 123 89 515
e 123 90 568
e 123 92 740
e 123 93 816
e 123 95 593
e 123 96 948
e 123 97 670
e 123 99 507
e 123 100 897
e 123 101 686
e 123 103 911
e 123 104 714
e 123 105 835
e 123 106 829
e 123 107 585
e 123 108 826
e 123 109 554
e 123 110 873
e 123 111 728
e 123 112 513
e 123 114 576
e 123 115 989
e 123 117 765
e 123 118 542
e 123 119 974
e 123 120 639
e 123 121 793
e 123 122 975
e 124 1 1
e 124 2 1
e 124 3 1
e 124 4 1
e 124 5 924
e 124 6 1
e 124 7 1
e 124 8 1
e 124 10 1
e 124 12 1
e 124 14 1
e 124 16 1
e 124 17 1
e 124 18 1
e 124 20 1
e 124 21 1
e 124 22 1
e 124 23 1
e 124 24 1
e 124 25 1
e 124 26 1
e 124 27 1
e 124 28 1
e 124 29 1
e 124 30 1
e 124 31 1
e 124 32 1
e 124 34 1
e 124 35 1
e 124 36 1
e 124 37 1
e 124 38 1
e 124 39 1
e 124 40 1
e 124 42 1
e 124 43 1
e 124 45 1
e 124 46 1
e 124 47 1
e 124 48 1
e 124 49 1
e 124 50 1
e 124 51 1
e 124 52 1
e 124 53 1
e 124 54 1
e 124 55 1
e 124 56 1
e 124 57 1
e 124 59 1
e 124 60 1
e 124 61 1
e 124 62 1
e 124 63 1
e 124 64 1
e 124 65 1
e 124 66 1
e 124 68 1
e 124 69 1
e 124 70 1
e 124 71 658
e 124 72 1
e 124 73 1
e 124 74 1
e 124 75 1
e 124 76 1
e 124 77 1
e 124 78 1
e 124 79 1
e 124 80 1
e 124 82 1
e 124 83 1
e 124 84 1
e 124 86 1
e 124 88 1
e 124 89 1
e 124 90 1
e 124 91 1
e 124 92 1
e 124 93 1
e 124 94 1
e 124 95 1
e 124 96 1
e 124 97 1
e 124 98 1
e 124 99 1
e 124 100 1
e 124 101 1
e 124 102 1
e 124 103 1
e 124 104 1
e 124 105 1
e 124 106 1
e 124 108 1
e 124 109 1
e 124 110 1
e 124 111 1
e 124 112 1
e 124 113 1
e 124 114 1
e 124 115 1
e 124 116 1
e 124 117 1
e 124 118 1
e 124 119 1
e 124 120 1
e 124 121 1
e 124 122 1
e 124 123 587
e 125 1 1
e 125 2 1
e 125 3 1
e 125 4 1
e 125 5 656
e 125 7 1
e 125 8 1
e 125 9 1
e 125 10 1
e 125 11 1
e 125 12 1
e 125 13 1
e 125 14 1
e 125 15 1
e 125 16 1
e 125 17 1
e 125 18 1
e 125 19 1
e 125 20 1
e 125 21 1
e 125 22 1
e 125 23 1
e 125 24 1
e 125 25 1
e 125 26 1
e 125 28 1
e 125 29 1
e 125 30 1
e 125 31 1
e 125 32 1
e 125 33 1
e 125 34 1
e 125 35 1
e 125 36 1
e 125 37 1
e 125 38 1
e 125 39 1
e 125 40 1
e 125 42 1
e 125 44 1
e 125 45 1
e 125 46 1
e 125 47 1
e 125 48 1
e 125 49 1
e 125 50 1
e 125 52 1
e 125 53 1
e 125 54 1
e 125 55 1
e 125 56 1
e 125 57 1
e 125 58 1
e 125 59 1
e 125 60 1
e 125 61 1
e 125 62 1
e 125 63 1
e 125 64 1
e 125 65 1
e 125 66 1
e 125 67 1
e 125 68 1
e 125 69 1
e 125 70 1
e 125 71 760
e 125 72 1
e 125 73 1
e 125 74 1
e 125 75 1
e 125 76 1
e 125 77 1
e 125 78 1
e 125 79 1
e 125 80 1
e 125 81 1
e 125 82 1
e 125 84 1
e 125 85 1
e 125 86 1
e 125 87 1
e 125 88 1
e 125 89 1
e 125 90 1
e 125 91 1
e 125 92 1
e 125 93 1
e 125 94 1
e 125 96 1
e 125 97 1
e 125 98 1
e 125 99 1
e 125 101 1
e 125 102 1
e 125 103 1
e 125 104 1
e 125 105 1
e 125 106 1
e 125 107 1
e 125 108 1
e 125 109 1
e 125 110 1
e 125 111 1
e 125 112 1
e 125 113 1
e 125 114 1
e 125 115 1
e 125 116 1
e 125 117 1
e 125 118 1
e 125 119 1
e 125 120 1
e 125 121 1
e 125 122 1
e 125 123 999
e 125 124 1
