DIMACS2
3 40 66 57
p edge 80 253
e 0 49 1.0
e 0 24 1.0
e 1 8 1.0
e 1 36 1.0
e 2 10 1.0
e 2 32 1.0
e 2 64 1.0
e 2 24 1.0
e 2 56 1.0
e 2 60 1.0
e 2 14 1.0
e 2 15 1.0
e 2 19 1.0
e 2 40 3.0
e 2 73 1.0
e 3 63 1.0
e 3 58 1.0
e 4 8 1.0
e 4 63 1.0
e 5 68 1.0
e 5 47 1.0
e 5 19 1.0
e 5 67 1.0
e 5 42 1.0
e 5 77 1.0
e 6 1 1.0
e 6 34 1.0
e 7 12 1.0
e 7 6 1.0
e 7 45 1.0
e 8 3 1.0
e 9 42 1.0
e 9 17 1.0
e 10 28 1.0
e 10 38 1.0
e 10 62 1.0
e 10 17 1.0
e 10 24 1.0
e 11 75 1.0
e 11 56 1.0
e 11 7 1.0
e 12 33 1.0
e 13 18 1.0
e 13 66 3.0
e 14 36 1.0
e 15 13 1.0
e 16 25 1.0
e 16 17 1.0
e 16 39 1.0
e 17 20 1.0
e 17 77 1.0
e 17 4 1.0
e 18 31 1.0
e 19 4 1.0
e 20 37 1.0
e 21 57 4.0
e 21 68 1.0
e 22 76 1.0
e 22 33 1.0
e 23 2 1.0
e 23 64 1.0
e 25 18 1.0
e 26 58 1.0
e 26 48 1.0
e 26 15 1.0
e 27 1 1.0
e 27 5 1.0
e 28 77 1.0
e 29 78 1.0
e 29 16 1.0
e 30 36 1.0
e 30 6 1.0
e 30 27 1.0
e 30 33 1.0
e 30 71 1.0
e 30 48 1.0
e 30 47 1.0
e 30 76 1.0
e 30 32 1.0
e 30 58 1.0
e 30 25 1.0
e 31 33 1.0
e 31 12 1.0
e 32 3 1.0
e 34 38 1.0
e 35 19 1.0
e 35 32 1.0
e 35 76 1.0
e 35 52 1.0
e 35 47 1.0
e 35 48 1.0
e 37 53 1.0
e 37 29 1.0
e 39 71 1.0
e 40 48 5.0
e 40 5 5.0
e 40 24 3.0
e 40 26 5.0
e 40 23 5.0
e 40 13 3.0
e 40 65 4.0
e 40 66 4.0
e 40 3 5.0
e 40 67 4.0
e 40 14 5.0
e 40 27 3.0
e 40 39 4.0
e 40 17 4.0
e 40 19 4.0
e 40 68 5.0
e 40 28 4.0
e 40 61 3.0
e 40 12 4.0
e 40 57 5.0
e 40 77 3.0
e 40 4 4.0
e 40 76 3.0
e 40 15 5.0
e 40 20 5.0
e 40 41 4.0
e 40 21 3.0
e 40 70 4.0
e 40 54 4.0
e 40 35 4.0
e 40 1 3.0
e 40 74 5.0
e 40 25 4.0
e 40 22 5.0
e 40 29 3.0
e 40 30 3.0
e 40 31 5.0
e 40 63 3.0
e 40 16 4.0
e 40 47 5.0
e 41 22 1.0
e 43 17 1.0
e 43 69 1.0
e 44 4 1.0
e 44 25 1.0
e 45 10 1.0
e 46 5 1.0
e 46 30 1.0
e 49 53 1.0
e 50 66 4.0
e 50 53 1.0
e 50 40 3.0
e 50 43 1.0
e 50 14 1.0
e 50 72 1.0
e 51 27 1.0
e 51 12 1.0
e 52 28 1.0
e 52 47 1.0
e 54 29 1.0
e 55 58 1.0
e 55 65 1.0
e 57 52 3.0
e 57 67 4.0
e 57 26 4.0
e 57 27 4.0
e 57 75 5.0
e 57 68 3.0
e 57 0 4.0
e 57 4 4.0
e 57 53 4.0
e 57 62 3.0
e 57 76 3.0
e 57 5 5.0
e 57 51 5.0
e 57 44 4.0
e 57 23 3.0
e 57 43 3.0
e 57 8 5.0
e 57 72 5.0
e 57 6 4.0
e 57 37 5.0
e 57 13 4.0
e 57 14 5.0
e 57 45 4.0
e 57 15 4.0
e 57 24 4.0
e 57 32 5.0
e 57 38 3.0
e 57 58 5.0
e 57 20 4.0
e 57 25 3.0
e 57 59 3.0
e 57 28 4.0
e 57 50 4.0
e 57 17 4.0
e 57 36 3.0
e 57 48 4.0
e 57 16 4.0
e 57 29 4.0
e 57 33 5.0
e 59 21 1.0
e 59 40 4.0
e 60 28 1.0
e 61 51 1.0
e 63 59 1.0
e 63 37 1.0
e 63 5 1.0
e 65 23 1.0
e 66 71 4.0
e 66 14 5.0
e 66 67 3.0
e 66 32 5.0
e 66 19 4.0
e 66 7 5.0
e 66 12 4.0
e 66 68 5.0
e 66 49 4.0
e 66 61 3.0
e 66 42 3.0
e 66 37 5.0
e 66 34 5.0
e 66 46 5.0
e 66 62 3.0
e 66 47 5.0
e 66 23 5.0
e 66 9 4.0
e 66 39 5.0
e 66 58 5.0
e 66 43 4.0
e 66 78 5.0
e 66 44 4.0
e 66 51 5.0
e 66 35 3.0
e 66 69 4.0
e 66 72 5.0
e 66 54 4.0
e 66 27 5.0
e 66 4 3.0
e 66 52 5.0
e 66 15 4.0
e 66 75 3.0
e 66 16 4.0
e 66 17 3.0
e 66 55 5.0
e 66 79 4.0
e 66 57 4.0
e 68 45 1.0
e 68 31 1.0
e 68 17 1.0
e 68 71 1.0
e 68 0 1.0
e 68 46 1.0
e 70 35 1.0
e 73 65 1.0
e 74 35 1.0
e 77 1 1.0
e 77 72 1.0
e 79 73 1.0
