DIMACS2
40 1
 2
 3
 4
 5
 6
 7
 8
 9
 10
 11
 12
 13
 14
 15 16
 17
 18
 19
 20
 21
 22
 23
 24
 25
 26
 27
 28
 29
 30 31
 32
 33
 34
 35
 36
 37
 38
 39
 40

p edge 160 2544
e 1 3 302
e 1 5 310
e 1 20 294
e 1 29 303
e 1 32 298
e 1 37 306
e 1 40 294
e 1 41 204
e 1 48 201
e 1 49 198
e 1 50 186
e 1 52 196
e 1 55 191
e 1 61 197
e 1 67 194
e 1 71 206
e 1 72 206
e 1 82 193
e 1 83 208
e 1 85 194
e 1 94 198
e 1 96 191
e 1 98 197
e 1 99 203
e 1 103 204
e 1 105 199
e 1 107 194
e 1 123 197
e 1 130 197
e 1 132 200
e 1 146 191
e 1 150 202
e 1 152 200
e 1 156 198
e 2 16 306
e 2 23 300
e 2 27 303
e 2 32 302
e 2 41 203
e 2 44 200
e 2 45 202
e 2 49 195
e 2 63 201
e 2 66 205
e 2 71 204
e 2 78 197
e 2 91 202
e 2 96 185
e 2 98 198
e 2 101 203
e 2 115 204
e 2 118 204
e 2 128 197
e 2 130 195
e 2 133 196
e 2 155 203
e 2 159 192
e 3 11 294
e 3 19 289
e 3 26 292
e 3 27 296
e 3 31 300
e 3 34 288
e 3 35 299
e 3 40 295
e 3 44 209
e 3 48 195
e 3 58 202
e 3 59 205
e 3 66 191
e 3 67 202
e 3 71 197
e 3 76 193
e 3 80 199
e 3 89 202
e 3 97 202
e 3 100 208
e 3 101 193
e 3 109 202
e 3 120 195
e 3 122 192
e 3 125 200
e 3 127 199
e 3 137 203
e 3 138 200
e 3 144 197
e 3 151 204
e 3 155 201
e 3 158 202
e 4 5 306
e 4 7 303
e 4 12 292
e 4 20 302
e 4 25 294
e 4 31 295
e 4 36 304
e 4 39 299
e 4 45 200
e 4 52 198
e 4 55 213
e 4 64 201
e 4 80 203
e 4 85 198
e 4 88 198
e 4 94 195
e 4 100 188
e 4 105 199
e 4 115 202
e 4 128 199
e 4 138 199
e 4 140 194
e 4 148 200
e 4 151 192
e 4 157 193
e 5 7 300
e 5 8 306
e 5 9 301
e 5 21 302
e 5 25 301
e 5 28 302
e 5 31 301
e 5 36 294
e 5 39 304
e 5 42 198
e 5 57 199
e 5 60 196
e 5 64 196
e 5 65 204
e 5 66 201
e 5 80 194
e 5 82 203
e 5 88 202
e 5 99 201
e 5 101 193
e 5 108 198
e 5 110 202
e 5 113 201
e 5 115 195
e 5 118 200
e 5 125 201
e 5 128 204
e 5 132 197
e 5 136 201
e 5 142 197
e 5 148 201
e 5 154 200
e 5 155 197
e 5 157 198
e 5 159 194
e 6 11 300
e 6 12 297
e 6 15 303
e 6 27 301
e 6 33 301
e 6 37 303
e 6 48 199
e 6 50 209
e 6 54 196
e 6 55 195
e 6 58 205
e 6 69 192
e 6 71 193
e 6 88 191
e 6 96 204
e 6 97 198
e 6 112 200
e 6 120 197
e 6 132 204
e 6 135 202
e 6 136 199
e 6 140 197
e 6 144 202
e 6 147 201
e 6 149 203
e 6 155 201
e 7 18 300
e 7 26 311
e 7 27 298
e 7 28 304
e 7 38 300
e 7 42 193
e 7 44 193
e 7 47 208
e 7 48 201
e 7 54 199
e 7 57 206
e 7 69 199
e 7 70 203
e 7 78 194
e 7 81 195
e 7 82 195
e 7 85 199
e 7 97 195
e 7 98 195
e 7 101 190
e 7 103 201
e 7 111 201
e 7 113 197
e 7 122 203
e 7 134 195
e 7 137 196
e 7 139 206
e 7 143 197
e 7 158 197
e 8 9 301
e 8 10 293
e 8 12 303
e 8 25 300
e 8 27 300
e 8 30 307
e 8 31 292
e 8 34 296
e 8 41 195
e 8 42 200
e 8 46 202
e 8 48 190
e 8 50 192
e 8 52 195
e 8 61 192
e 8 64 204
e 8 65 191
e 8 87 201
e 8 99 203
e 8 106 203
e 8 117 198
e 8 130 198
e 8 137 205
e 8 141 209
e 8 143 194
e 8 157 195
e 9 14 303
e 9 23 300
e 9 26 296
e 9 27 288
e 9 28 296
e 9 29 295
e 9 33 300
e 9 34 297
e 9 42 198
e 9 43 194
e 9 48 208
e 9 51 197
e 9 52 203
e 9 58 201
e 9 65 201
e 9 66 194
e 9 72 197
e 9 73 194
e 9 74 195
e 9 75 198
e 9 77 194
e 9 83 199
e 9 84 202
e 9 88 190
e 9 94 193
e 9 96 202
e 9 99 203
e 9 102 199
e 9 105 194
e 9 111 194
e 9 113 200
e 9 118 209
e 9 120 195
e 9 123 207
e 9 126 189
e 9 129 211
e 9 130 198
e 9 131 205
e 9 132 208
e 9 134 209
e 9 146 203
e 9 151 198
e 9 153 199
e 9 155 195
e 10 21 299
e 10 29 300
e 10 30 302
e 10 40 295
e 10 42 205
e 10 44 204
e 10 55 192
e 10 58 198
e 10 60 190
e 10 63 193
e 10 72 202
e 10 76 201
e 10 83 204
e 10 93 192
e 10 96 198
e 10 98 199
e 10 100 207
e 10 106 193
e 10 111 199
e 10 116 201
e 10 120 198
e 10 122 194
e 10 138 197
e 10 140 201
e 10 146 201
e 10 147 193
e 10 149 201
e 10 150 198
e 10 152 197
e 10 155 203
e 10 156 201
e 10 159 201
e 10 160 199
e 11 12 301
e 11 23 294
e 11 28 304
e 11 35 293
e 11 37 297
e 11 39 304
e 11 40 306
e 11 44 193
e 11 45 200
e 11 49 201
e 11 52 199
e 11 56 206
e 11 60 199
e 11 74 202
e 11 76 207
e 11 82 208
e 11 87 211
e 11 88 193
e 11 106 201
e 11 107 204
e 11 111 202
e 11 113 201
e 11 114 197
e 11 115 210
e 11 119 200
e 11 125 197
e 11 126 199
e 11 127 208
e 11 139 203
e 11 140 198
e 11 143 200
e 11 150 194
e 11 154 201
e 11 156 197
e 12 16 302
e 12 19 298
e 12 29 296
e 12 33 298
e 12 36 301
e 12 46 205
e 12 49 198
e 12 51 193
e 12 55 194
e 12 57 204
e 12 67 193
e 12 69 194
e 12 73 197
e 12 80 198
e 12 81 191
e 12 85 204
e 12 104 193
e 12 105 203
e 12 108 191
e 12 117 197
e 12 124 184
e 12 126 193
e 12 131 209
e 12 137 204
e 12 142 205
e 12 143 198
e 12 151 195
e 13 15 298
e 13 19 293
e 13 23 294
e 13 27 304
e 13 37 298
e 13 46 194
e 13 47 198
e 13 50 198
e 13 58 202
e 13 59 192
e 13 60 197
e 13 62 196
e 13 87 202
e 13 88 197
e 13 92 202
e 13 102 197
e 13 108 192
e 13 111 196
e 13 112 200
e 13 124 203
e 13 125 205
e 13 142 193
e 13 146 203
e 13 152 195
e 13 156 199
e 14 18 302
e 14 28 289
e 14 30 294
e 14 33 297
e 14 42 187
e 14 43 191
e 14 49 202
e 14 60 193
e 14 63 203
e 14 67 203
e 14 69 197
e 14 73 198
e 14 83 200
e 14 85 203
e 14 96 200
e 14 101 196
e 14 102 201
e 14 103 198
e 14 111 199
e 14 114 201
e 14 119 206
e 14 121 198
e 14 123 209
e 14 124 192
e 14 139 206
e 14 146 212
e 14 159 199
e 15 23 302
e 15 33 296
e 15 38 306
e 15 40 291
e 15 51 198
e 15 63 197
e 15 66 203
e 15 70 194
e 15 77 198
e 15 80 202
e 15 82 207
e 15 92 189
e 15 94 195
e 15 99 200
e 15 100 202
e 15 102 197
e 15 103 191
e 15 104 204
e 15 108 202
e 15 109 203
e 15 117 199
e 15 118 201
e 15 119 202
e 15 123 207
e 15 126 204
e 15 132 207
e 15 133 206
e 15 135 195
e 15 137 198
e 15 139 194
e 15 140 203
e 15 141 204
e 15 150 201
e 15 152 202
e 15 155 205
e 15 157 201
e 15 159 202
e 16 18 299
e 16 23 295
e 16 24 304
e 16 26 299
e 16 29 297
e 16 40 302
e 16 44 206
e 16 45 199
e 16 52 211
e 16 58 200
e 16 63 206
e 16 65 209
e 16 66 199
e 16 72 196
e 16 77 193
e 16 82 192
e 16 85 194
e 16 97 196
e 16 102 197
e 16 103 194
e 16 107 194
e 16 120 195
e 16 125 202
e 16 127 197
e 16 129 198
e 16 130 192
e 16 132 202
e 16 141 204
e 16 148 199
e 16 152 203
e 16 154 195
e 16 155 202
e 16 160 198
e 17 19 298
e 17 22 293
e 17 28 300
e 17 45 189
e 17 47 196
e 17 51 204
e 17 57 193
e 17 59 203
e 17 70 192
e 17 98 195
e 17 105 201
e 17 122 201
e 17 125 200
e 17 130 205
e 17 139 208
e 17 143 200
e 17 149 191
e 17 153 191
e 17 160 206
e 18 22 297
e 18 26 293
e 18 31 299
e 18 42 198
e 18 44 201
e 18 47 208
e 18 48 194
e 18 59 198
e 18 62 201
e 18 66 200
e 18 77 198
e 18 82 196
e 18 83 199
e 18 84 201
e 18 89 201
e 18 93 195
e 18 95 196
e 18 97 203
e 18 101 193
e 18 104 199
e 18 105 202
e 18 116 194
e 18 117 189
e 18 124 208
e 18 125 205
e 18 126 192
e 18 134 211
e 18 137 202
e 18 146 200
e 18 150 202
e 18 153 198
e 18 160 194
e 19 27 299
e 19 28 300
e 19 45 195
e 19 50 210
e 19 57 198
e 19 60 197
e 19 62 193
e 19 73 197
e 19 81 199
e 19 86 194
e 19 89 199
e 19 100 198
e 19 105 201
e 19 107 199
e 19 112 203
e 19 114 206
e 19 118 199
e 19 120 198
e 19 123 202
e 19 132 194
e 19 136 195
e 19 142 202
e 19 152 195
e 19 157 203
e 20 29 302
e 20 32 296
e 20 39 298
e 20 43 203
e 20 44 205
e 20 50 205
e 20 78 198
e 20 82 205
e 20 106 198
e 20 108 203
e 20 109 206
e 20 113 219
e 20 119 203
e 20 121 205
e 20 125 191
e 20 129 196
e 20 132 195
e 20 133 213
e 20 136 196
e 20 141 194
e 20 142 199
e 20 143 193
e 20 145 206
e 20 152 206
e 20 155 202
e 20 160 197
e 21 24 301
e 21 34 300
e 21 36 298
e 21 37 298
e 21 38 313
e 21 41 197
e 21 43 193
e 21 44 199
e 21 47 197
e 21 52 202
e 21 59 193
e 21 72 206
e 21 73 204
e 21 79 196
e 21 83 211
e 21 86 199
e 21 90 196
e 21 110 194
e 21 112 193
e 21 115 204
e 21 122 189
e 21 133 201
e 21 141 191
e 21 145 201
e 21 148 203
e 21 154 189
e 21 158 195
e 22 53 205
e 22 55 205
e 22 60 196
e 22 61 198
e 22 69 207
e 22 73 202
e 22 75 193
e 22 77 196
e 22 87 192
e 22 91 199
e 22 94 198
e 22 96 206
e 22 110 198
e 22 124 203
e 22 135 199
e 22 142 194
e 22 145 196
e 22 158 197
e 23 40 297
e 23 48 194
e 23 52 202
e 23 53 211
e 23 57 194
e 23 58 201
e 23 62 194
e 23 66 204
e 23 79 195
e 23 82 198
e 23 84 193
e 23 96 201
e 23 97 203
e 23 99 200
e 23 107 201
e 23 114 201
e 23 116 203
e 23 119 199
e 23 126 197
e 23 131 203
e 23 135 203
e 23 139 194
e 23 143 194
e 23 146 195
e 23 155 190
e 23 156 203
e 24 25 295
e 24 34 307
e 24 42 193
e 24 43 195
e 24 47 197
e 24 50 203
e 24 51 198
e 24 55 198
e 24 61 195
e 24 64 199
e 24 78 203
e 24 79 200
e 24 92 204
e 24 95 199
e 24 96 210
e 24 99 204
e 24 101 199
e 24 104 196
e 24 107 200
e 24 108 203
e 24 116 216
e 24 119 195
e 24 125 210
e 24 129 193
e 24 130 201
e 24 136 196
e 24 137 202
e 24 139 196
e 24 149 203
e 24 150 203
e 24 151 209
e 25 32 303
e 25 36 298
e 25 39 305
e 25 52 196
e 25 59 197
e 25 60 198
e 25 68 212
e 25 71 200
e 25 73 189
e 25 76 189
e 25 83 200
e 25 84 200
e 25 86 199
e 25 95 198
e 25 104 203
e 25 105 200
e 25 112 200
e 25 114 210
e 25 115 200
e 25 116 192
e 25 117 202
e 25 130 207
e 25 133 193
e 25 152 203
e 25 153 201
e 25 155 197
e 26 29 296
e 26 33 302
e 26 34 295
e 26 36 305
e 26 40 300
e 26 47 202
e 26 48 200
e 26 49 197
e 26 56 202
e 26 66 195
e 26 69 208
e 26 71 211
e 26 72 192
e 26 85 205
e 26 88 204
e 26 100 188
e 26 101 201
e 26 102 190
e 26 103 203
e 26 107 199
e 26 108 202
e 26 111 201
e 26 113 205
e 26 114 194
e 26 119 194
e 26 127 200
e 26 128 200
e 26 130 192
e 26 132 199
e 26 135 200
e 26 136 196
e 26 143 201
e 26 150 195
e 26 152 195
e 26 156 191
e 26 159 203
e 26 160 192
e 27 29 301
e 27 32 306
e 27 36 305
e 27 40 296
e 27 44 201
e 27 47 198
e 27 52 201
e 27 58 200
e 27 67 198
e 27 71 192
e 27 74 211
e 27 79 202
e 27 84 202
e 27 88 198
e 27 90 197
e 27 91 196
e 27 94 201
e 27 96 199
e 27 108 204
e 27 118 193
e 27 122 191
e 27 128 197
e 27 131 197
e 27 133 195
e 27 136 202
e 27 139 199
e 27 140 202
e 27 143 196
e 27 148 196
e 27 149 200
e 27 151 198
e 27 154 200
e 27 156 205
e 28 34 300
e 28 39 300
e 28 45 207
e 28 46 195
e 28 51 197
e 28 53 201
e 28 58 197
e 28 60 196
e 28 64 204
e 28 65 195
e 28 67 203
e 28 72 192
e 28 80 208
e 28 92 201
e 28 98 201
e 28 109 201
e 28 110 198
e 28 122 199
e 28 130 199
e 28 131 200
e 28 138 194
e 28 145 203
e 28 150 200
e 28 159 209
e 29 36 307
e 29 37 297
e 29 48 200
e 29 52 203
e 29 58 196
e 29 61 199
e 29 69 200
e 29 74 200
e 29 82 198
e 29 84 202
e 29 86 201
e 29 90 201
e 29 99 194
e 29 110 197
e 29 118 197
e 29 130 190
e 29 131 183
e 29 134 206
e 29 137 198
e 29 138 201
e 29 139 196
e 29 143 202
e 29 144 190
e 29 155 205
e 29 158 203
e 29 160 202
e 30 32 306
e 30 36 302
e 30 37 297
e 30 38 300
e 30 50 201
e 30 54 190
e 30 55 195
e 30 61 197
e 30 68 199
e 30 78 199
e 30 90 208
e 30 91 209
e 30 104 206
e 30 111 194
e 30 121 205
e 30 127 204
e 30 128 199
e 30 132 203
e 30 141 195
e 30 145 194
e 30 149 203
e 30 150 195
e 30 151 201
e 30 153 206
e 30 154 196
e 30 159 202
e 30 160 204
e 31 34 298
e 31 38 292
e 31 39 296
e 31 60 207
e 31 61 208
e 31 64 205
e 31 68 204
e 31 69 194
e 31 76 200
e 31 79 207
e 31 80 198
e 31 84 194
e 31 86 200
e 31 93 195
e 31 97 200
e 31 107 198
e 31 108 196
e 31 114 206
e 31 117 198
e 31 119 198
e 31 120 200
e 31 123 200
e 31 128 199
e 31 129 192
e 31 132 196
e 31 133 202
e 31 135 198
e 31 137 200
e 31 142 203
e 31 159 195
e 32 47 206
e 32 48 201
e 32 58 208
e 32 60 197
e 32 62 205
e 32 69 194
e 32 72 192
e 32 75 207
e 32 81 202
e 32 83 200
e 32 85 203
e 32 95 194
e 32 96 197
e 32 107 200
e 32 108 192
e 32 110 196
e 32 117 206
e 32 119 204
e 32 120 197
e 32 123 202
e 32 126 197
e 32 127 209
e 32 135 206
e 32 155 191
e 32 156 204
e 32 159 198
e 33 34 298
e 33 38 294
e 33 63 199
e 33 65 190
e 33 67 202
e 33 73 202
e 33 78 192
e 33 80 202
e 33 84 204
e 33 86 203
e 33 91 204
e 33 100 199
e 33 102 195
e 33 104 202
e 33 119 200
e 33 129 211
e 33 130 196
e 33 133 193
e 33 134 201
e 33 137 197
e 33 139 194
e 33 147 197
e 33 148 209
e 33 149 191
e 33 156 201
e 33 158 197
e 34 38 300
e 34 40 303
e 34 47 203
e 34 53 197
e 34 54 187
e 34 57 202
e 34 58 199
e 34 63 201
e 34 75 194
e 34 81 199
e 34 92 195
e 34 93 194
e 34 96 200
e 34 97 205
e 34 108 202
e 34 113 192
e 34 115 198
e 34 116 195
e 34 117 200
e 34 126 198
e 34 127 195
e 34 129 197
e 34 132 203
e 34 138 205
e 34 149 191
e 34 159 200
e 35 61 207
e 35 65 197
e 35 68 203
e 35 70 189
e 35 72 207
e 35 75 192
e 35 76 209
e 35 82 196
e 35 84 197
e 35 106 197
e 35 112 198
e 35 120 200
e 35 130 200
e 35 136 196
e 35 152 198
e 36 44 202
e 36 48 205
e 36 50 199
e 36 70 200
e 36 73 203
e 36 83 199
e 36 93 204
e 36 98 206
e 36 99 192
e 36 110 195
e 36 114 203
e 36 117 192
e 36 124 202
e 36 136 202
e 36 137 192
e 36 146 196
e 36 147 198
e 36 160 206
e 37 38 288
e 37 39 306
e 37 41 203
e 37 42 203
e 37 43 201
e 37 49 197
e 37 53 201
e 37 54 187
e 37 61 197
e 37 68 205
e 37 83 202
e 37 84 207
e 37 91 201
e 37 98 205
e 37 108 191
e 37 111 194
e 37 112 198
e 37 113 193
e 37 120 196
e 37 121 202
e 37 122 197
e 37 128 197
e 37 136 199
e 37 140 208
e 37 148 197
e 37 149 195
e 37 153 201
e 37 154 210
e 38 43 209
e 38 47 200
e 38 49 199
e 38 55 205
e 38 56 194
e 38 73 197
e 38 75 206
e 38 80 195
e 38 92 200
e 38 100 199
e 38 102 198
e 38 115 195
e 38 116 206
e 38 119 195
e 38 120 190
e 38 127 193
e 38 131 199
e 38 132 199
e 38 139 203
e 38 146 195
e 38 152 198
e 38 156 203
e 38 160 200
e 39 43 198
e 39 47 204
e 39 50 190
e 39 52 201
e 39 66 194
e 39 70 203
e 39 74 197
e 39 78 196
e 39 89 194
e 39 90 201
e 39 92 205
e 39 98 207
e 39 99 192
e 39 103 193
e 39 113 201
e 39 120 193
e 39 128 194
e 39 133 198
e 39 134 199
e 39 145 209
e 39 160 195
e 40 43 200
e 40 46 196
e 40 47 193
e 40 48 194
e 40 53 197
e 40 54 204
e 40 64 207
e 40 65 203
e 40 67 199
e 40 74 202
e 40 76 203
e 40 77 198
e 40 80 199
e 40 83 202
e 40 85 196
e 40 90 199
e 40 93 192
e 40 94 191
e 40 95 198
e 40 100 204
e 40 104 189
e 40 108 197
e 40 109 196
e 40 111 195
e 40 133 200
e 40 139 197
e 40 146 204
e 40 151 203
e 40 152 197
e 40 157 193
e 41 43 94
e 41 63 99
e 41 68 90
e 41 69 97
e 41 71 89
e 41 73 99
e 41 78 94
e 41 81 103
e 41 84 97
e 41 88 103
e 41 100 97
e 41 107 100
e 41 110 99
e 41 112 89
e 41 114 102
e 41 119 90
e 41 129 103
e 41 131 96
e 41 132 102
e 41 134 102
e 41 137 95
e 41 139 97
e 41 140 104
e 41 149 103
e 41 151 96
e 41 153 92
e 42 48 100
e 42 51 97
e 42 57 98
e 42 62 106
e 42 63 106
e 42 68 107
e 42 69 94
e 42 89 99
e 42 93 95
e 42 96 104
e 42 101 93
e 42 102 95
e 42 103 101
e 42 110 99
e 42 114 107
e 42 118 101
e 42 120 98
e 42 123 101
e 42 144 107
e 42 147 100
e 42 148 87
e 42 157 102
e 42 159 99
e 43 45 101
e 43 48 106
e 43 58 96
e 43 68 99
e 43 70 101
e 43 75 104
e 43 78 97
e 43 83 99
e 43 85 110
e 43 86 90
e 43 92 94
e 43 108 98
e 43 114 102
e 43 120 104
e 43 121 101
e 43 129 92
e 43 130 92
e 43 134 107
e 43 136 97
e 43 140 97
e 43 146 99
e 43 151 104
e 43 152 113
e 43 157 91
e 44 56 88
e 44 68 105
e 44 69 106
e 44 71 106
e 44 76 105
e 44 90 100
e 44 98 100
e 44 99 96
e 44 100 97
e 44 103 91
e 44 114 103
e 44 116 104
e 44 123 105
e 44 129 112
e 44 130 104
e 44 140 96
e 44 145 106
e 44 153 98
e 44 156 97
e 45 47 100
e 45 49 93
e 45 63 95
e 45 69 102
e 45 79 102
e 45 84 98
e 45 93 100
e 45 94 96
e 45 97 108
e 45 98 99
e 45 101 93
e 45 102 96
e 45 103 98
e 45 105 97
e 45 106 107
e 45 112 103
e 45 118 106
e 45 120 102
e 45 121 93
e 45 122 91
e 45 135 97
e 45 136 106
e 45 156 105
e 45 159 100
e 46 49 106
e 46 51 106
e 46 59 100
e 46 61 98
e 46 72 92
e 46 74 90
e 46 82 102
e 46 84 98
e 46 87 96
e 46 88 100
e 46 89 94
e 46 92 106
e 46 102 93
e 46 107 99
e 46 108 105
e 46 110 105
e 46 112 97
e 46 117 91
e 46 118 95
e 46 119 101
e 46 120 106
e 46 123 95
e 46 138 106
e 46 139 108
e 46 142 98
e 46 148 101
e 46 149 99
e 46 154 96
e 46 158 95
e 46 159 96
e 47 53 104
e 47 55 98
e 47 60 98
e 47 65 103
e 47 69 101
e 47 78 108
e 47 79 103
e 47 88 103
e 47 95 95
e 47 97 110
e 47 98 98
e 47 99 99
e 47 102 100
e 47 103 101
e 47 107 101
e 47 110 98
e 47 118 107
e 47 124 96
e 47 132 105
e 47 140 101
e 48 49 93
e 48 59 93
e 48 62 89
e 48 66 99
e 48 76 99
e 48 79 97
e 48 86 91
e 48 88 103
e 48 97 105
e 48 98 95
e 48 99 98
e 48 117 97
e 48 122 101
e 48 125 104
e 48 126 111
e 48 144 92
e 48 145 95
e 48 146 100
e 48 157 100
e 49 56 99
e 49 57 94
e 49 67 100
e 49 80 96
e 49 93 100
e 49 96 98
e 49 98 94
e 49 99 94
e 49 100 101
e 49 104 100
e 49 108 106
e 49 109 106
e 49 110 107
e 49 113 101
e 49 119 101
e 49 120 98
e 49 122 103
e 49 131 103
e 49 133 97
e 49 136 92
e 49 143 110
e 49 145 98
e 49 153 102
e 50 62 99
e 50 65 86
e 50 70 97
e 50 73 97
e 50 80 97
e 50 88 96
e 50 89 106
e 50 90 105
e 50 91 97
e 50 108 108
e 50 118 102
e 50 119 90
e 50 137 98
e 50 152 102
e 50 158 99
e 51 53 108
e 51 66 106
e 51 68 105
e 51 70 100
e 51 73 97
e 51 77 101
e 51 101 101
e 51 103 107
e 51 112 100
e 51 119 96
e 51 135 104
e 51 138 93
e 51 140 100
e 51 148 100
e 51 149 87
e 51 158 106
e 52 59 105
e 52 61 95
e 52 63 99
e 52 66 104
e 52 81 91
e 52 82 92
e 52 85 86
e 52 89 90
e 52 90 107
e 52 97 101
e 52 98 98
e 52 119 98
e 52 121 104
e 52 129 93
e 52 136 105
e 52 140 94
e 52 141 111
e 52 142 101
e 52 148 99
e 52 152 98
e 52 155 101
e 52 157 109
e 53 58 99
e 53 60 98
e 53 61 99
e 53 69 104
e 53 74 97
e 53 90 101
e 53 95 103
e 53 96 103
e 53 101 101
e 53 108 104
e 53 116 97
e 53 117 103
e 53 121 95
e 53 122 97
e 53 128 103
e 53 133 95
e 53 134 101
e 53 138 92
e 53 140 98
e 53 146 97
e 53 149 104
e 54 55 103
e 54 60 92
e 54 61 99
e 54 64 107
e 54 65 102
e 54 66 98
e 54 67 89
e 54 69 98
e 54 74 105
e 54 76 98
e 54 77 112
e 54 78 97
e 54 85 102
e 54 88 104
e 54 97 106
e 54 98 97
e 54 99 101
e 54 100 89
e 54 102 105
e 54 103 100
e 54 105 95
e 54 106 97
e 54 108 94
e 54 110 107
e 54 111 104
e 54 123 102
e 54 127 101
e 54 133 108
e 54 138 104
e 54 147 95
e 54 148 100
e 54 149 102
e 54 150 104
e 54 152 101
e 54 153 98
e 54 156 107
e 54 157 99
e 55 68 100
e 55 78 98
e 55 81 94
e 55 83 92
e 55 84 104
e 55 85 103
e 55 91 94
e 55 94 107
e 55 101 100
e 55 103 108
e 55 106 102
e 55 111 103
e 55 117 102
e 55 119 97
e 55 125 88
e 55 144 96
e 55 158 91
e 56 57 106
e 56 63 104
e 56 69 96
e 56 70 95
e 56 82 111
e 56 84 93
e 56 90 93
e 56 95 98
e 56 100 95
e 56 104 104
e 56 107 104
e 56 109 103
e 56 114 101
e 56 115 99
e 56 118 111
e 56 129 90
e 56 132 93
e 56 134 98
e 56 135 109
e 56 143 99
e 56 153 97
e 56 156 95
e 56 158 101
e 57 62 101
e 57 72 103
e 57 90 97
e 57 99 112
e 57 101 102
e 57 112 99
e 57 128 105
e 57 136 92
e 57 139 102
e 57 143 103
e 57 144 100
e 57 146 108
e 57 148 102
e 57 150 99
e 57 152 107
e 57 153 104
e 57 156 103
e 57 158 106
e 58 59 102
e 58 65 101
e 58 69 100
e 58 71 92
e 58 72 98
e 58 77 99
e 58 80 95
e 58 83 93
e 58 87 101
e 58 98 90
e 58 100 99
e 58 102 93
e 58 106 104
e 58 118 99
e 58 121 104
e 58 130 106
e 58 136 92
e 58 143 98
e 58 144 104
e 58 145 95
e 58 152 108
e 59 60 93
e 59 67 98
e 59 74 103
e 59 76 92
e 59 82 96
e 59 86 97
e 59 90 103
e 59 93 90
e 59 100 109
e 59 108 102
e 59 112 101
e 59 114 99
e 59 117 99
e 59 119 96
e 59 136 97
e 59 146 99
e 59 156 96
e 60 65 88
e 60 73 102
e 60 79 108
e 60 84 100
e 60 92 101
e 60 99 101
e 60 107 107
e 60 119 94
e 60 127 91
e 60 144 105
e 60 146 97
e 60 147 99
e 60 150 102
e 60 155 96
e 60 157 95
e 61 67 100
e 61 70 113
e 61 75 97
e 61 77 96
e 61 82 103
e 61 86 98
e 61 94 93
e 61 98 94
e 61 99 97
e 61 106 111
e 61 110 103
e 61 115 102
e 61 116 104
e 61 129 102
e 61 134 95
e 61 135 98
e 61 139 107
e 61 142 99
e 61 145 99
e 61 149 105
e 61 151 101
e 61 157 97
e 62 64 104
e 62 65 98
e 62 69 106
e 62 72 97
e 62 84 96
e 62 93 99
e 62 95 102
e 62 96 97
e 62 99 95
e 62 108 94
e 62 113 104
e 62 116 107
e 62 123 94
e 62 130 101
e 62 139 98
e 62 144 83
e 62 146 94
e 62 153 112
e 62 155 106
e 62 159 105
e 63 64 105
e 63 80 105
e 63 84 96
e 63 85 94
e 63 87 93
e 63 93 92
e 63 96 109
e 63 98 93
e 63 102 99
e 63 104 103
e 63 105 102
e 63 107 103
e 63 116 86
e 63 118 108
e 63 133 97
e 63 134 102
e 63 138 100
e 63 139 105
e 63 159 102
e 63 160 103
e 64 75 102
e 64 85 111
e 64 87 100
e 64 88 94
e 64 93 95
e 64 104 107
e 64 114 100
e 64 116 101
e 64 117 99
e 64 118 97
e 64 119 109
e 64 122 88
e 64 133 100
e 64 137 99
e 64 140 95
e 64 141 92
e 64 142 99
e 64 151 111
e 64 152 97
e 64 153 102
e 64 158 98
e 64 159 99
e 65 72 100
e 65 83 97
e 65 84 101
e 65 99 91
e 65 111 102
e 65 114 102
e 65 115 104
e 65 116 99
e 65 117 90
e 65 118 100
e 65 132 109
e 65 137 96
e 65 139 106
e 65 140 96
e 65 146 104
e 65 149 99
e 65 159 101
e 66 68 103
e 66 70 102
e 66 71 99
e 66 83 96
e 66 92 100
e 66 95 101
e 66 97 99
e 66 98 95
e 66 121 98
e 66 123 94
e 66 133 95
e 66 134 98
e 66 135 105
e 66 139 95
e 66 152 101
e 66 156 101
e 66 157 108
e 66 159 97
e 67 69 103
e 67 77 103
e 67 80 105
e 67 81 96
e 67 86 93
e 67 87 102
e 67 89 101
e 67 91 98
e 67 101 105
e 67 103 99
e 67 113 100
e 67 118 100
e 67 122 111
e 67 124 103
e 67 128 103
e 67 131 96
e 67 138 98
e 67 145 96
e 67 153 96
e 67 155 105
e 67 157 101
e 68 72 103
e 68 75 103
e 68 78 106
e 68 79 99
e 68 96 104
e 68 97 90
e 68 101 88
e 68 102 98
e 68 103 111
e 68 114 93
e 68 116 99
e 68 117 88
e 68 122 98
e 68 126 99
e 68 129 100
e 68 133 100
e 68 137 94
e 68 148 95
e 68 152 111
e 68 153 94
e 68 159 90
e 69 73 94
e 69 79 100
e 69 85 93
e 69 86 95
e 69 95 96
e 69 97 100
e 69 104 105
e 69 115 105
e 69 117 101
e 69 121 102
e 69 125 98
e 69 126 107
e 69 129 99
e 69 131 97
e 69 133 102
e 69 138 96
e 69 142 98
e 69 146 102
e 69 154 96
e 69 158 98
e 69 160 104
e 70 72 101
e 70 93 99
e 70 94 94
e 70 96 94
e 70 98 107
e 70 105 91
e 70 115 90
e 70 122 100
e 70 123 95
e 70 125 97
e 70 126 96
e 70 136 98
e 70 148 89
e 70 154 96
e 70 155 107
e 70 156 102
e 71 81 98
e 71 82 96
e 71 84 101
e 71 89 99
e 71 93 98
e 71 95 113
e 71 106 105
e 71 111 94
e 71 113 95
e 71 116 102
e 71 117 97
e 71 129 92
e 71 139 102
e 71 140 105
e 71 143 101
e 71 149 98
e 71 159 99
e 72 93 101
e 72 103 96
e 72 104 100
e 72 115 96
e 72 119 107
e 72 126 97
e 72 129 103
e 72 135 100
e 72 142 94
e 72 147 94
e 72 156 102
e 72 157 100
e 73 74 103
e 73 77 104
e 73 80 99
e 73 86 91
e 73 97 99
e 73 101 106
e 73 105 101
e 73 106 102
e 73 107 102
e 73 114 96
e 73 128 95
e 73 129 100
e 73 133 99
e 73 135 110
e 73 138 95
e 73 139 93
e 73 144 104
e 73 152 103
e 73 153 106
e 73 156 99
e 73 159 98
e 74 78 89
e 74 80 98
e 74 82 92
e 74 83 101
e 74 91 102
e 74 98 98
e 74 99 100
e 74 100 96
e 74 106 111
e 74 108 103
e 74 110 100
e 74 115 97
e 74 136 100
e 74 137 92
e 74 141 105
e 74 148 88
e 74 149 99
e 75 83 107
e 75 87 102
e 75 91 102
e 75 92 97
e 75 99 98
e 75 113 102
e 75 114 95
e 75 115 99
e 75 116 104
e 75 130 92
e 75 132 96
e 75 136 99
e 75 137 102
e 75 139 98
e 75 142 99
e 75 149 95
e 76 79 101
e 76 80 103
e 76 87 92
e 76 93 98
e 76 94 111
e 76 97 96
e 76 104 96
e 76 106 97
e 76 108 96
e 76 115 104
e 76 118 89
e 76 137 99
e 76 143 95
e 76 153 102
e 76 159 106
e 77 78 99
e 77 79 94
e 77 81 95
e 77 83 96
e 77 84 99
e 77 85 99
e 77 93 90
e 77 95 97
e 77 96 100
e 77 101 89
e 77 106 101
e 77 110 92
e 77 115 84
e 77 118 98
e 77 119 96
e 77 124 98
e 77 127 102
e 77 128 101
e 77 132 98
e 77 138 105
e 77 142 100
e 78 83 91
e 78 87 103
e 78 91 104
e 78 97 104
e 78 108 101
e 78 113 95
e 78 117 93
e 78 119 98
e 78 121 102
e 78 127 102
e 78 128 95
e 78 129 95
e 78 133 97
e 78 134 108
e 78 139 106
e 78 140 101
e 78 142 104
e 78 145 96
e 78 154 97
e 78 156 94
e 79 83 111
e 79 91 103
e 79 99 106
e 79 111 106
e 79 117 93
e 79 118 104
e 79 119 101
e 79 130 101
e 79 133 110
e 79 142 95
e 79 145 96
e 79 149 92
e 79 150 93
e 79 153 100
e 80 85 96
e 80 86 94
e 80 104 102
e 80 132 105
e 80 135 99
e 80 136 97
e 80 137 99
e 80 144 103
e 80 148 94
e 80 154 98
e 80 159 101
e 81 85 106
e 81 88 99
e 81 92 104
e 81 98 97
e 81 101 106
e 81 102 99
e 81 105 101
e 81 106 100
e 81 115 105
e 81 119 91
e 81 123 95
e 81 126 98
e 81 127 103
e 81 130 93
e 81 133 92
e 81 136 97
e 81 142 106
e 81 144 98
e 81 146 102
e 81 147 92
e 81 148 100
e 81 150 98
e 81 151 104
e 81 152 103
e 81 153 105
e 81 154 102
e 81 155 98
e 81 156 100
e 82 90 91
e 82 92 91
e 82 97 102
e 82 103 96
e 82 109 96
e 82 111 94
e 82 112 97
e 82 117 99
e 82 119 103
e 82 124 96
e 82 127 101
e 82 134 97
e 82 136 107
e 82 144 99
e 82 152 96
e 82 153 102
e 82 154 95
e 82 156 100
e 83 88 108
e 83 104 96
e 83 106 93
e 83 109 101
e 83 112 98
e 83 116 101
e 83 125 100
e 83 129 100
e 83 131 103
e 83 146 96
e 83 148 96
e 83 152 99
e 83 159 91
e 84 87 97
e 84 89 94
e 84 90 101
e 84 100 96
e 84 102 98
e 84 111 104
e 84 112 104
e 84 118 97
e 84 124 106
e 84 145 97
e 84 146 98
e 84 149 98
e 84 151 90
e 84 152 94
e 84 153 102
e 84 159 106
e 85 89 97
e 85 94 103
e 85 95 95
e 85 110 95
e 85 115 99
e 85 117 102
e 85 122 96
e 85 129 98
e 85 137 99
e 85 140 99
e 85 152 104
e 85 155 95
e 86 89 98
e 86 91 106
e 86 105 99
e 86 116 105
e 86 122 104
e 86 130 88
e 86 131 94
e 86 132 100
e 86 136 94
e 86 137 108
e 86 155 91
e 86 158 91
e 87 96 100
e 87 100 104
e 87 106 103
e 87 113 102
e 87 128 96
e 87 130 84
e 87 132 102
e 87 139 98
e 87 146 91
e 87 152 86
e 87 154 107
e 87 160 105
e 88 90 102
e 88 92 92
e 88 93 96
e 88 108 99
e 88 114 101
e 88 123 99
e 88 134 104
e 88 141 91
e 88 142 99
e 88 143 96
e 88 145 108
e 88 146 92
e 89 92 101
e 89 95 93
e 89 107 97
e 89 130 103
e 89 135 100
e 89 136 112
e 89 138 103
e 89 139 95
e 89 140 95
e 89 142 101
e 89 145 102
e 89 146 95
e 89 152 92
e 89 158 91
e 89 159 94
e 90 94 95
e 90 96 94
e 90 104 114
e 90 106 97
e 90 109 90
e 90 114 102
e 90 116 95
e 90 118 97
e 90 121 100
e 90 123 93
e 90 124 100
e 90 125 103
e 90 128 98
e 90 133 103
e 90 139 94
e 90 140 96
e 90 147 97
e 90 148 97
e 90 154 107
e 90 159 104
e 91 103 100
e 91 105 95
e 91 106 101
e 91 108 100
e 91 109 101
e 91 122 106
e 91 127 103
e 91 128 92
e 91 130 89
e 91 133 101
e 91 136 100
e 91 139 93
e 91 143 111
e 91 146 105
e 91 148 98
e 92 94 99
e 92 97 101
e 92 99 103
e 92 111 109
e 92 126 94
e 92 131 95
e 92 136 113
e 92 137 108
e 92 149 100
e 92 160 108
e 93 96 101
e 93 104 94
e 93 105 97
e 93 106 101
e 93 108 97
e 93 112 93
e 93 114 96
e 93 126 99
e 93 134 100
e 93 137 93
e 93 138 101
e 93 142 101
e 93 143 102
e 93 147 105
e 93 148 94
e 93 155 94
e 93 156 92
e 93 157 97
e 93 160 102
e 94 104 100
e 94 106 99
e 94 108 101
e 94 120 103
e 94 129 96
e 94 134 100
e 94 137 106
e 94 139 105
e 94 141 93
e 94 145 95
e 94 147 95
e 94 159 111
e 95 103 100
e 95 104 103
e 95 105 96
e 95 108 108
e 95 120 97
e 95 122 102
e 95 124 88
e 95 128 96
e 95 131 97
e 95 143 97
e 95 148 111
e 96 103 99
e 96 105 105
e 96 108 94
e 96 116 111
e 96 118 106
e 96 124 96
e 96 130 100
e 96 135 95
e 96 139 96
e 96 140 100
e 96 142 104
e 96 154 105
e 96 155 103
e 96 157 99
e 96 159 100
e 96 160 92
e 97 98 85
e 97 111 97
e 97 112 95
e 97 113 98
e 97 123 98
e 97 141 102
e 97 149 97
e 98 109 101
e 98 111 100
e 98 118 96
e 98 119 104
e 98 129 107
e 98 131 106
e 98 132 92
e 98 136 96
e 98 142 92
e 98 143 103
e 98 144 104
e 98 145 95
e 98 160 99
e 99 101 95
e 99 107 98
e 99 108 111
e 99 112 106
e 99 113 100
e 99 114 100
e 99 124 99
e 99 126 88
e 99 132 95
e 99 134 85
e 99 137 93
e 99 141 101
e 99 156 96
e 99 158 94
e 100 115 106
e 100 116 95
e 100 117 107
e 100 122 102
e 100 123 99
e 100 124 96
e 100 125 99
e 100 126 95
e 100 128 108
e 100 136 109
e 100 140 102
e 100 156 100
e 101 103 96
e 101 105 94
e 101 110 91
e 101 117 101
e 101 120 96
e 101 122 105
e 101 123 103
e 101 131 104
e 101 132 98
e 101 136 103
e 101 143 100
e 101 149 105
e 101 154 96
e 101 155 98
e 101 156 94
e 101 157 97
e 102 108 91
e 102 112 100
e 102 120 106
e 102 123 102
e 102 128 95
e 102 146 99
e 102 149 98
e 102 151 97
e 102 154 101
e 103 105 105
e 103 107 101
e 103 111 105
e 103 112 99
e 103 114 103
e 103 120 101
e 103 125 99
e 103 134 110
e 103 145 105
e 103 146 104
e 103 151 102
e 103 156 97
e 104 106 99
e 104 110 96
e 104 113 105
e 104 120 98
e 104 124 109
e 104 133 93
e 104 140 97
e 104 159 108
e 105 106 95
e 105 112 100
e 105 113 103
e 105 115 95
e 105 118 95
e 105 120 105
e 105 124 93
e 105 128 101
e 105 138 100
e 105 141 92
e 105 142 103
e 105 144 105
e 105 155 98
e 105 159 102
e 106 120 97
e 106 126 101
e 106 132 98
e 106 143 107
e 106 147 95
e 106 148 93
e 106 157 97
e 106 158 95
e 107 117 98
e 107 121 100
e 107 128 92
e 107 133 104
e 107 138 108
e 107 140 98
e 107 154 96
e 107 155 101
e 107 158 99
e 107 160 99
e 108 118 99
e 108 119 92
e 108 122 110
e 108 126 89
e 108 136 96
e 108 149 96
e 108 156 95
e 108 158 93
e 109 110 93
e 109 120 101
e 109 122 96
e 109 127 92
e 109 130 103
e 109 134 99
e 109 138 99
e 109 146 109
e 109 148 97
e 109 155 95
e 109 157 99
e 109 160 100
e 110 113 94
e 110 124 98
e 110 125 106
e 110 127 94
e 110 134 98
e 110 137 102
e 110 138 99
e 110 141 99
e 110 147 99
e 110 153 94
e 110 154 96
e 111 120 97
e 111 124 96
e 111 130 94
e 111 136 107
e 111 147 101
e 111 149 111
e 112 116 106
e 112 120 97
e 112 131 98
e 112 134 94
e 112 136 92
e 112 139 101
e 112 145 100
e 112 156 92
e 112 158 91
e 112 160 105
e 113 117 97
e 113 119 103
e 113 132 92
e 113 137 108
e 113 142 98
e 113 143 104
e 113 150 103
e 113 151 104
e 113 156 102
e 113 157 101
e 114 115 102
e 114 116 106
e 114 120 106
e 114 127 102
e 114 128 102
e 114 129 97
e 114 130 98
e 114 131 98
e 114 133 98
e 114 139 99
e 114 141 88
e 114 145 98
e 114 146 99
e 114 151 97
e 115 118 94
e 115 120 96
e 115 125 89
e 115 131 102
e 115 132 92
e 115 138 92
e 115 139 86
e 115 140 104
e 115 144 97
e 115 146 105
e 115 155 92
e 116 117 95
e 116 118 96
e 116 123 96
e 116 128 102
e 116 136 112
e 116 141 98
e 116 143 104
e 116 144 95
e 116 147 98
e 116 151 100
e 117 122 101
e 117 129 96
e 117 134 97
e 117 146 100
e 117 147 99
e 117 151 99
e 117 158 91
e 117 159 104
e 118 121 91
e 118 126 102
e 118 130 104
e 118 139 105
e 118 140 106
e 118 142 95
e 118 143 93
e 118 144 94
e 118 148 101
e 118 156 96
e 119 132 92
e 119 139 95
e 119 154 92
e 119 155 99
e 120 131 94
e 120 137 97
e 120 143 105
e 120 145 99
e 120 155 105
e 120 156 104
e 121 135 103
e 121 139 101
e 121 144 100
e 121 147 94
e 121 148 93
e 121 155 111
e 121 160 95
e 122 128 96
e 122 130 107
e 122 132 95
e 122 141 100
e 122 147 96
e 122 150 101
e 122 152 108
e 122 155 100
e 122 158 103
e 123 131 111
e 123 138 96
e 123 140 103
e 123 141 105
e 123 144 96
e 123 153 98
e 123 157 93
e 123 159 96
e 123 160 99
e 124 135 95
e 124 140 98
e 124 145 100
e 124 153 101
e 125 126 90
e 125 132 105
e 125 135 100
e 125 137 101
e 125 147 98
e 125 155 99
e 126 128 104
e 126 142 98
e 126 147 97
e 126 150 98
e 126 151 102
e 126 153 93
e 126 155 97
e 127 132 97
e 127 133 105
e 127 141 99
e 127 142 100
e 127 143 97
e 127 145 100
e 127 152 96
e 127 155 102
e 128 130 96
e 128 132 105
e 128 146 90
e 128 151 99
e 128 152 101
e 129 134 102
e 129 137 98
e 129 142 96
e 129 147 101
e 129 149 104
e 129 151 104
e 129 160 106
e 130 134 96
e 130 146 99
e 130 148 105
e 130 151 99
e 130 154 110
e 130 155 102
e 130 159 93
e 131 132 107
e 131 137 90
e 131 138 97
e 131 142 97
e 131 145 96
e 131 146 107
e 131 148 101
e 132 137 106
e 132 140 104
e 132 144 95
e 132 156 101
e 133 134 91
e 133 140 107
e 133 149 97
e 133 156 93
e 133 160 95
e 134 155 100
e 135 145 96
e 135 147 107
e 135 157 97
e 136 137 95
e 136 138 91
e 136 140 110
e 136 149 102
e 136 150 101
e 136 151 100
e 136 152 106
e 136 153 99
e 136 154 102
e 136 160 104
e 137 145 92
e 137 149 97
e 137 150 101
e 137 152 104
e 137 154 98
e 137 157 102
e 137 160 101
e 138 145 108
e 138 149 107
e 139 140 95
e 139 156 102
e 139 157 97
e 139 159 106
e 140 150 102
e 140 151 98
e 140 152 109
e 140 158 102
e 141 142 102
e 141 143 103
e 141 144 100
e 141 146 103
e 141 153 104
e 141 157 105
e 142 151 107
e 142 158 98
e 143 150 100
e 143 153 100
e 143 159 99
e 144 146 95
e 144 154 97
e 145 147 98
e 145 148 104
e 145 152 100
e 146 150 94
e 146 151 99
e 146 160 99
e 147 148 98
e 147 149 93
e 147 151 105
e 147 154 93
e 148 150 104
e 148 152 100
e 148 159 97
e 149 152 94
e 149 153 89
e 149 157 100
e 149 160 101
e 150 160 95
e 151 152 98
e 152 156 102
e 152 159 98
e 152 160 95
e 154 155 103
e 154 156 98
e 154 160 92
e 155 157 104
e 156 158 90
e 156 160 96
e 158 159 99
e 158 160 98