DIMACS2
24 1
 2
 3
 4
 5
 6
 7
 8
 9
 10
 11
 12
 13
 14
 15 16
 17
 18
 19
 20
 21
 22
 23
 24

p edge 160 812
e 1 17 298
e 1 21 296
e 1 22 285
e 1 28 201
e 1 51 199
e 1 65 196
e 1 70 208
e 1 72 199
e 1 83 205
e 1 109 194
e 1 158 194
e 1 160 193
e 2 16 309
e 2 21 298
e 2 92 197
e 2 93 202
e 2 101 202
e 2 115 201
e 2 121 201
e 2 122 201
e 2 143 206
e 2 157 198
e 2 158 196
e 3 23 300
e 3 26 200
e 3 27 207
e 3 44 205
e 3 51 196
e 3 86 193
e 3 88 203
e 3 96 198
e 3 114 197
e 3 130 202
e 3 140 205
e 3 142 206
e 3 157 199
e 4 66 200
e 4 76 206
e 4 90 198
e 4 91 196
e 4 102 196
e 4 108 203
e 4 109 205
e 4 113 195
e 4 120 198
e 4 125 193
e 4 156 196
e 5 12 298
e 5 14 296
e 5 45 200
e 5 47 193
e 5 59 200
e 5 69 196
e 5 76 209
e 5 97 197
e 5 121 197
e 5 140 209
e 5 152 200
e 6 30 201
e 6 33 194
e 6 50 201
e 6 56 200
e 6 73 208
e 6 78 204
e 6 83 207
e 6 112 202
e 7 49 206
e 7 51 210
e 7 54 199
e 7 67 201
e 7 88 203
e 7 116 197
e 7 123 198
e 7 152 211
e 8 60 196
e 8 62 202
e 8 78 187
e 8 87 205
e 8 89 189
e 8 107 199
e 8 124 194
e 9 36 201
e 9 55 204
e 9 59 196
e 9 79 197
e 9 84 203
e 9 89 201
e 9 91 200
e 9 96 194
e 9 100 212
e 9 104 206
e 9 111 203
e 9 120 195
e 9 145 198
e 9 151 198
e 9 157 201
e 10 28 197
e 10 34 205
e 10 51 203
e 10 57 192
e 10 71 200
e 10 74 199
e 10 83 195
e 10 101 207
e 10 149 203
e 10 159 208
e 11 28 203
e 11 29 205
e 11 77 203
e 11 96 206
e 11 104 195
e 11 126 199
e 12 68 200
e 12 74 191
e 12 78 201
e 12 87 195
e 12 94 207
e 12 120 199
e 12 132 194
e 12 140 203
e 13 33 192
e 13 35 192
e 13 39 204
e 13 48 199
e 13 66 208
e 13 73 202
e 13 97 193
e 13 110 194
e 13 118 195
e 13 132 200
e 13 145 209
e 13 152 202
e 13 153 196
e 14 21 300
e 14 64 208
e 14 141 195
e 14 147 195
e 14 157 194
e 15 36 206
e 15 37 199
e 15 77 201
e 15 86 200
e 15 103 200
e 15 139 203
e 15 145 197
e 15 151 206
e 15 160 196
e 16 18 307
e 16 39 210
e 16 40 199
e 16 67 200
e 16 70 198
e 16 105 193
e 16 114 211
e 16 129 206
e 17 28 207
e 17 31 197
e 17 45 208
e 17 60 199
e 17 74 205
e 17 76 194
e 17 78 188
e 17 95 209
e 17 112 201
e 17 131 200
e 17 141 200
e 18 39 196
e 18 44 206
e 18 82 191
e 18 107 202
e 18 109 207
e 18 121 197
e 18 139 201
e 19 50 202
e 19 82 196
e 19 115 194
e 20 31 201
e 20 42 197
e 20 45 204
e 20 52 203
e 20 114 204
e 20 117 194
e 21 23 303
e 21 35 200
e 21 49 207
e 21 94 196
e 21 101 202
e 21 105 195
e 21 111 201
e 21 122 195
e 21 129 202
e 21 132 208
e 21 144 200
e 22 24 299
e 22 46 204
e 22 56 193
e 22 62 200
e 22 64 203
e 22 108 200
e 22 113 201
e 23 31 200
e 23 47 198
e 23 91 207
e 23 93 197
e 23 105 202
e 24 26 191
e 24 31 195
e 24 32 196
e 24 58 199
e 24 59 203
e 24 62 189
e 24 97 203
e 24 145 201
e 25 86 101
e 25 87 91
e 25 90 99
e 25 92 99
e 25 94 100
e 25 113 105
e 25 121 96
e 25 125 97
e 25 146 105
e 26 27 103
e 26 43 99
e 26 45 95
e 26 56 108
e 26 64 97
e 26 69 99
e 26 73 92
e 26 79 105
e 26 89 98
e 26 90 96
e 26 95 95
e 26 123 92
e 26 142 107
e 27 30 105
e 27 38 87
e 27 50 106
e 27 52 108
e 27 68 107
e 27 93 105
e 27 100 94
e 28 47 104
e 28 84 107
e 28 89 101
e 28 91 99
e 28 117 104
e 28 138 98
e 28 152 102
e 28 160 98
e 29 40 101
e 29 108 97
e 29 125 101
e 29 134 101
e 29 151 97
e 29 153 105
e 30 39 103
e 30 43 95
e 30 79 105
e 30 92 96
e 30 106 104
e 30 117 101
e 30 123 98
e 30 141 102
e 30 146 100
e 30 157 94
e 31 36 103
e 31 57 102
e 31 65 103
e 31 72 96
e 31 75 102
e 31 77 105
e 31 80 94
e 31 92 96
e 31 96 105
e 31 116 103
e 31 120 103
e 31 128 100
e 31 132 105
e 31 137 96
e 31 139 101
e 32 73 99
e 32 75 99
e 32 91 100
e 32 99 94
e 32 117 102
e 33 40 96
e 33 44 97
e 33 73 96
e 33 89 102
e 33 119 99
e 33 137 106
e 34 38 94
e 34 58 102
e 34 93 110
e 34 96 102
e 34 107 99
e 34 111 97
e 34 120 96
e 34 140 103
e 34 149 96
e 34 156 101
e 35 83 107
e 35 126 105
e 35 131 106
e 35 135 98
e 35 140 91
e 35 145 101
e 36 42 98
e 36 48 103
e 36 55 103
e 36 75 107
e 36 95 98
e 36 123 94
e 36 128 99
e 36 139 95
e 37 52 95
e 37 59 101
e 37 64 98
e 37 71 91
e 37 78 102
e 37 95 100
e 37 98 91
e 37 102 94
e 37 111 93
e 37 122 106
e 37 129 105
e 37 142 111
e 37 145 102
e 37 148 96
e 37 153 102
e 38 40 88
e 38 62 99
e 38 67 99
e 38 69 98
e 38 70 95
e 38 84 95
e 38 85 96
e 38 103 101
e 38 106 98
e 38 114 103
e 38 138 104
e 39 58 96
e 39 73 88
e 39 109 106
e 39 110 102
e 39 141 103
e 39 158 107
e 40 57 98
e 40 85 110
e 40 86 105
e 40 103 95
e 40 120 103
e 40 144 96
e 40 149 93
e 40 150 98
e 41 66 103
e 41 74 101
e 41 98 97
e 42 74 101
e 42 78 99
e 42 95 101
e 42 108 106
e 42 114 107
e 42 118 106
e 42 141 102
e 42 143 93
e 42 154 105
e 43 62 98
e 43 95 106
e 43 112 102
e 43 116 103
e 43 119 92
e 43 121 104
e 43 140 100
e 43 155 101
e 44 60 93
e 44 62 99
e 44 63 97
e 44 94 95
e 44 114 98
e 44 117 105
e 44 124 98
e 44 135 102
e 45 59 102
e 45 61 101
e 45 130 104
e 45 133 100
e 45 146 103
e 46 70 105
e 46 98 112
e 46 116 99
e 46 123 100
e 46 124 105
e 46 144 105
e 47 85 106
e 47 99 97
e 47 124 94
e 47 133 106
e 47 139 101
e 47 155 100
e 47 158 98
e 48 52 91
e 48 70 97
e 48 88 97
e 48 98 101
e 48 136 104
e 48 139 97
e 48 144 93
e 49 59 97
e 49 74 92
e 49 81 98
e 49 116 99
e 49 136 98
e 49 158 106
e 50 52 101
e 50 53 105
e 50 61 105
e 50 69 101
e 50 87 105
e 50 88 93
e 50 113 101
e 50 131 104
e 50 139 93
e 51 53 95
e 51 75 93
e 51 90 91
e 51 114 103
e 52 65 96
e 52 82 99
e 52 88 99
e 52 89 101
e 52 93 101
e 52 114 97
e 52 159 92
e 53 55 98
e 53 74 101
e 53 94 94
e 53 105 102
e 53 106 91
e 53 128 102
e 53 130 99
e 53 135 100
e 54 62 90
e 54 66 98
e 54 74 97
e 54 88 102
e 54 91 97
e 54 127 95
e 54 128 100
e 54 131 103
e 54 150 101
e 54 160 98
e 55 57 97
e 55 81 98
e 55 85 91
e 55 87 102
e 55 88 98
e 55 97 96
e 55 159 100
e 55 160 102
e 56 91 92
e 56 120 95
e 56 124 107
e 56 149 97
e 57 61 108
e 57 132 100
e 57 159 105
e 58 62 99
e 58 65 102
e 58 77 101
e 58 83 90
e 58 87 101
e 58 94 102
e 58 119 100
e 58 123 93
e 59 99 110
e 59 103 101
e 59 110 107
e 59 114 101
e 59 119 100
e 59 121 102
e 59 140 96
e 59 154 84
e 60 61 99
e 60 103 95
e 60 144 96
e 60 148 91
e 61 115 102
e 61 122 100
e 61 132 104
e 61 133 100
e 61 138 103
e 61 159 106
e 62 70 103
e 62 77 94
e 62 91 99
e 62 143 104
e 62 145 91
e 62 158 95
e 63 66 91
e 63 87 92
e 63 98 104
e 63 111 97
e 63 112 95
e 63 129 102
e 64 82 105
e 64 112 106
e 64 132 98
e 65 90 97
e 65 92 101
e 65 116 92
e 65 122 112
e 65 148 107
e 66 69 97
e 66 86 93
e 66 91 112
e 66 136 95
e 66 138 100
e 66 156 101
e 66 160 101
e 67 103 106
e 67 109 106
e 67 111 96
e 67 141 93
e 67 150 104
e 68 87 101
e 68 126 103
e 68 132 99
e 68 137 102
e 68 156 107
e 69 88 101
e 69 91 100
e 69 94 102
e 69 123 95
e 69 128 98
e 69 141 105
e 70 78 103
e 70 91 97
e 70 102 98
e 70 109 103
e 70 123 90
e 70 141 91
e 70 147 103
e 70 155 99
e 71 81 96
e 71 93 105
e 71 112 97
e 71 140 94
e 71 149 97
e 72 76 102
e 72 93 104
e 72 102 96
e 72 130 103
e 72 147 111
e 72 152 100
e 73 83 105
e 73 96 91
e 73 97 96
e 73 122 101
e 73 123 97
e 73 130 97
e 73 150 98
e 73 154 108
e 74 75 94
e 74 91 103
e 74 113 100
e 74 117 99
e 75 78 105
e 75 86 103
e 75 93 102
e 75 107 96
e 75 127 96
e 75 144 98
e 76 79 96
e 76 122 97
e 76 142 95
e 76 159 103
e 77 84 100
e 77 86 96
e 77 106 93
e 77 129 97
e 77 136 102
e 77 156 96
e 77 160 102
e 78 104 98
e 78 136 91
e 78 154 99
e 79 89 91
e 79 94 99
e 79 131 101
e 80 84 101
e 80 95 90
e 80 114 97
e 80 120 91
e 80 124 102
e 80 138 96
e 81 97 101
e 81 106 102
e 81 115 100
e 81 116 92
e 81 118 104
e 81 137 92
e 81 145 106
e 81 146 94
e 81 147 112
e 82 87 100
e 82 104 102
e 82 119 101
e 82 121 108
e 82 131 112
e 82 146 98
e 82 152 105
e 83 110 103
e 83 140 97
e 84 100 99
e 84 107 102
e 84 120 90
e 84 121 108
e 84 136 104
e 84 149 90
e 85 93 97
e 85 95 103
e 85 125 93
e 85 136 98
e 85 147 100
e 86 106 102
e 86 107 94
e 86 134 100
e 87 125 99
e 87 143 100
e 87 148 105
e 88 109 102
e 88 122 103
e 88 138 101
e 88 150 92
e 89 98 102
e 89 99 100
e 89 100 102
e 89 112 105
e 89 116 108
e 89 120 109
e 89 137 92
e 89 153 103
e 90 95 104
e 90 100 97
e 90 152 99
e 90 159 99
e 91 94 106
e 91 102 96
e 91 108 103
e 91 110 103
e 91 130 101
e 91 132 95
e 91 151 102
e 92 107 110
e 92 125 101
e 92 136 99
e 92 139 99
e 92 143 97
e 92 151 108
e 92 156 109
e 93 105 104
e 93 113 99
e 93 144 111
e 93 156 104
e 94 102 104
e 94 115 102
e 94 124 99
e 94 147 104
e 95 103 102
e 95 110 97
e 95 115 99
e 95 149 100
e 96 111 97
e 96 117 93
e 96 120 109
e 96 123 102
e 96 127 96
e 96 133 101
e 96 135 105
e 97 99 103
e 97 111 98
e 97 116 100
e 97 119 104
e 97 126 95
e 97 127 100
e 97 133 101
e 97 154 102
e 97 160 93
e 98 101 99
e 98 123 106
e 98 134 92
e 98 135 101
e 98 145 96
e 98 146 98
e 99 101 100
e 99 130 94
e 99 146 93
e 100 104 105
e 100 121 103
e 101 123 96
e 101 135 99
e 101 154 101
e 101 156 100
e 102 119 110
e 102 149 104
e 103 104 98
e 103 109 96
e 104 107 100
e 104 112 97
e 104 137 104
e 104 153 98
e 104 155 106
e 105 109 101
e 105 112 107
e 105 118 100
e 105 140 98
e 105 141 98
e 105 148 95
e 106 118 93
e 106 121 96
e 106 128 101
e 106 156 104
e 107 123 88
e 107 130 96
e 107 138 98
e 107 145 103
e 108 139 99
e 109 120 103
e 109 131 100
e 109 151 99
e 109 156 110
e 110 120 100
e 111 112 111
e 111 141 99
e 111 144 101
e 111 159 103
e 112 116 97
e 112 157 101
e 113 155 93
e 114 129 100
e 115 131 103
e 115 135 104
e 115 146 100
e 115 153 107
e 116 127 93
e 116 133 93
e 116 134 99
e 116 137 98
e 117 146 102
e 118 130 107
e 118 136 99
e 118 148 102
e 119 135 103
e 119 142 99
e 119 159 99
e 120 148 96
e 120 152 88
e 121 123 97
e 121 132 99
e 122 140 94
e 122 142 98
e 122 148 94
e 123 157 96
e 124 125 102
e 124 128 102
e 124 143 98
e 124 151 97
e 125 132 99
e 125 152 108
e 126 141 110
e 126 149 92
e 126 160 98
e 128 131 98
e 128 153 93
e 129 138 104
e 129 141 99
e 129 143 106
e 130 155 97
e 132 144 103
e 132 146 95
e 134 135 100
e 134 155 91
e 135 140 99
e 135 144 89
e 135 150 107
e 135 153 101
e 136 143 105
e 136 157 91
e 137 152 94
e 138 158 104
e 139 148 108
e 139 153 102
e 139 155 96
e 140 149 94
e 141 158 101
e 142 149 102
e 143 154 85
e 143 159 99
e 146 153 98
e 146 157 102
e 147 152 104
e 148 150 99
e 149 156 103
e 149 157 96
e 150 153 93
e 150 155 96
e 151 157 91
e 153 155 105
e 155 157 105
e 158 160 105