DIMACS2
24 1
 2
 3
 4
 5
 6
 7
 8
 9
 10
 11
 12
 13
 14
 15 16
 17
 18
 19
 20
 21
 22
 23
 24

p edge 160 2544
e 1 2 302
e 1 13 296
e 1 17 303
e 1 19 295
e 1 20 310
e 1 24 297
e 1 36 210
e 1 49 205
e 1 52 198
e 1 54 199
e 1 59 201
e 1 60 198
e 1 61 200
e 1 71 200
e 1 76 200
e 1 91 203
e 1 92 208
e 1 101 202
e 1 105 197
e 1 106 198
e 1 112 199
e 1 114 206
e 1 117 197
e 1 120 205
e 1 132 200
e 1 134 202
e 1 138 199
e 1 140 199
e 1 144 201
e 1 154 198
e 2 9 296
e 2 14 304
e 2 17 297
e 2 18 299
e 2 30 195
e 2 32 202
e 2 34 211
e 2 39 198
e 2 40 195
e 2 43 202
e 2 52 197
e 2 54 199
e 2 56 201
e 2 58 200
e 2 66 191
e 2 75 197
e 2 81 202
e 2 87 192
e 2 95 189
e 2 101 197
e 2 108 201
e 2 109 196
e 2 115 195
e 2 128 202
e 2 131 210
e 2 135 202
e 2 142 199
e 2 145 202
e 3 10 305
e 3 11 294
e 3 21 293
e 3 28 200
e 3 35 193
e 3 49 200
e 3 51 202
e 3 59 206
e 3 62 202
e 3 63 196
e 3 66 206
e 3 82 211
e 3 87 204
e 3 88 197
e 3 91 193
e 3 92 203
e 3 93 200
e 3 100 192
e 3 108 207
e 3 111 197
e 3 114 198
e 3 121 202
e 3 134 197
e 3 136 201
e 3 138 207
e 3 145 194
e 3 156 194
e 3 160 206
e 4 9 290
e 4 13 292
e 4 15 292
e 4 20 301
e 4 25 203
e 4 31 203
e 4 33 195
e 4 37 195
e 4 42 197
e 4 45 198
e 4 49 202
e 4 58 194
e 4 69 205
e 4 71 200
e 4 72 199
e 4 75 207
e 4 89 197
e 4 92 195
e 4 97 199
e 4 104 209
e 4 113 206
e 4 125 199
e 4 130 200
e 4 132 198
e 4 140 195
e 4 144 203
e 4 146 199
e 4 154 198
e 4 158 196
e 5 13 301
e 5 30 203
e 5 37 200
e 5 40 198
e 5 41 202
e 5 42 191
e 5 48 205
e 5 51 196
e 5 56 199
e 5 58 196
e 5 62 198
e 5 67 200
e 5 72 204
e 5 92 212
e 5 106 207
e 5 107 193
e 5 112 196
e 5 117 203
e 5 121 202
e 5 122 197
e 5 123 197
e 5 126 209
e 5 136 194
e 5 141 199
e 5 151 200
e 5 152 202
e 5 154 195
e 5 159 203
e 5 160 205
e 6 8 300
e 6 10 294
e 6 12 293
e 6 15 297
e 6 22 293
e 6 32 198
e 6 34 195
e 6 35 202
e 6 39 203
e 6 47 195
e 6 50 201
e 6 55 210
e 6 74 204
e 6 75 195
e 6 78 204
e 6 79 195
e 6 80 190
e 6 81 203
e 6 82 194
e 6 89 206
e 6 91 204
e 6 96 211
e 6 97 200
e 6 108 198
e 6 113 204
e 6 122 192
e 6 134 205
e 6 142 202
e 6 152 202
e 7 19 297
e 7 24 288
e 7 25 195
e 7 32 214
e 7 33 198
e 7 37 196
e 7 41 195
e 7 45 193
e 7 49 187
e 7 52 197
e 7 59 205
e 7 63 198
e 7 66 198
e 7 84 200
e 7 85 197
e 7 94 202
e 7 96 195
e 7 101 205
e 7 102 199
e 7 110 193
e 7 118 202
e 7 121 203
e 7 125 204
e 7 136 199
e 7 142 191
e 7 144 190
e 7 157 199
e 7 159 195
e 7 160 195
e 8 18 305
e 8 19 303
e 8 20 299
e 8 21 302
e 8 24 300
e 8 27 207
e 8 41 202
e 8 54 205
e 8 55 191
e 8 57 195
e 8 59 201
e 8 69 201
e 8 75 197
e 8 77 196
e 8 85 200
e 8 86 200
e 8 87 194
e 8 90 200
e 8 95 192
e 8 96 198
e 8 99 197
e 8 101 195
e 8 105 198
e 8 113 207
e 8 117 200
e 8 118 203
e 8 120 205
e 8 122 200
e 8 125 201
e 8 126 192
e 8 128 195
e 8 129 203
e 8 130 199
e 8 132 198
e 8 135 205
e 8 139 202
e 8 151 209
e 8 156 198
e 8 158 209
e 8 159 204
e 8 160 205
e 9 14 305
e 9 25 195
e 9 34 202
e 9 44 194
e 9 45 195
e 9 51 206
e 9 60 189
e 9 61 192
e 9 62 193
e 9 65 198
e 9 66 208
e 9 70 200
e 9 73 194
e 9 74 201
e 9 78 194
e 9 83 189
e 9 85 205
e 9 87 194
e 9 94 198
e 9 97 202
e 9 98 211
e 9 101 202
e 9 102 204
e 9 108 194
e 9 117 193
e 9 135 199
e 9 136 199
e 9 141 196
e 9 154 199
e 9 160 201
e 10 11 306
e 10 20 298
e 10 24 302
e 10 42 199
e 10 43 197
e 10 53 194
e 10 56 203
e 10 59 202
e 10 61 200
e 10 63 195
e 10 73 206
e 10 79 204
e 10 84 200
e 10 85 200
e 10 92 201
e 10 93 202
e 10 94 193
e 10 105 195
e 10 112 203
e 10 120 198
e 10 125 200
e 10 127 198
e 10 130 200
e 10 142 193
e 11 12 303
e 11 14 300
e 11 16 295
e 11 29 203
e 11 38 201
e 11 40 203
e 11 42 201
e 11 44 199
e 11 46 199
e 11 49 198
e 11 56 206
e 11 62 202
e 11 65 202
e 11 68 196
e 11 78 203
e 11 79 193
e 11 88 202
e 11 95 199
e 11 96 193
e 11 97 205
e 11 104 197
e 11 109 210
e 11 112 193
e 11 116 201
e 11 123 193
e 11 133 206
e 11 136 195
e 11 138 200
e 11 144 204
e 11 147 202
e 11 148 200
e 11 157 198
e 12 15 302
e 12 19 302
e 12 33 195
e 12 35 207
e 12 39 189
e 12 40 196
e 12 50 199
e 12 56 201
e 12 60 201
e 12 64 200
e 12 69 206
e 12 77 202
e 12 80 199
e 12 81 204
e 12 94 199
e 12 101 209
e 12 102 201
e 12 111 199
e 12 113 198
e 12 118 199
e 12 130 210
e 12 131 197
e 12 134 203
e 12 143 195
e 12 153 202
e 12 156 204
e 12 160 199
e 13 19 297
e 13 20 298
e 13 25 200
e 13 39 197
e 13 57 195
e 13 58 197
e 13 59 197
e 13 60 200
e 13 62 203
e 13 63 203
e 13 64 198
e 13 65 204
e 13 73 201
e 13 76 201
e 13 77 194
e 13 78 209
e 13 84 196
e 13 86 199
e 13 91 206
e 13 95 204
e 13 97 196
e 13 107 202
e 13 116 202
e 13 121 196
e 13 123 198
e 13 139 196
e 13 144 203
e 13 146 198
e 13 154 198
e 14 15 298
e 14 17 299
e 14 22 296
e 14 31 198
e 14 36 194
e 14 38 198
e 14 39 207
e 14 40 200
e 14 42 202
e 14 44 193
e 14 46 200
e 14 53 195
e 14 56 193
e 14 58 201
e 14 65 210
e 14 69 200
e 14 74 196
e 14 82 199
e 14 85 195
e 14 98 196
e 14 101 206
e 14 117 203
e 14 119 198
e 14 125 204
e 14 130 199
e 14 146 206
e 14 149 201
e 14 150 198
e 14 155 195
e 14 157 207
e 15 17 299
e 15 31 196
e 15 32 194
e 15 36 202
e 15 37 200
e 15 45 198
e 15 47 194
e 15 48 207
e 15 59 203
e 15 61 198
e 15 65 195
e 15 66 200
e 15 67 195
e 15 69 198
e 15 71 197
e 15 73 200
e 15 79 197
e 15 82 191
e 15 88 203
e 15 91 199
e 15 92 195
e 15 94 205
e 15 108 198
e 15 112 207
e 15 117 207
e 15 135 209
e 15 136 205
e 15 137 197
e 15 139 203
e 15 141 201
e 15 143 206
e 15 148 202
e 15 158 203
e 16 32 203
e 16 43 206
e 16 45 201
e 16 51 192
e 16 59 201
e 16 61 195
e 16 65 199
e 16 75 198
e 16 77 202
e 16 82 202
e 16 84 197
e 16 85 191
e 16 93 197
e 16 96 202
e 16 99 190
e 16 105 198
e 16 114 196
e 16 115 195
e 16 119 197
e 16 123 203
e 16 124 195
e 16 128 203
e 16 133 203
e 16 138 202
e 16 139 193
e 16 157 191
e 16 158 202
e 17 23 300
e 17 24 302
e 17 28 198
e 17 30 202
e 17 32 199
e 17 33 193
e 17 34 196
e 17 38 213
e 17 40 206
e 17 54 205
e 17 56 203
e 17 62 194
e 17 63 197
e 17 69 195
e 17 70 194
e 17 71 186
e 17 79 199
e 17 90 210
e 17 100 213
e 17 102 201
e 17 111 199
e 17 112 186
e 17 121 197
e 17 122 198
e 17 123 195
e 17 128 202
e 17 129 189
e 17 134 203
e 17 135 196
e 17 141 208
e 17 144 201
e 17 145 197
e 17 148 191
e 17 150 191
e 17 159 195
e 18 20 301
e 18 26 196
e 18 40 194
e 18 43 189
e 18 48 196
e 18 52 202
e 18 53 203
e 18 59 196
e 18 67 205
e 18 79 198
e 18 82 200
e 18 91 199
e 18 92 197
e 18 97 201
e 18 106 202
e 18 114 206
e 18 122 191
e 18 125 203
e 18 128 205
e 18 138 203
e 18 139 199
e 18 144 206
e 18 148 195
e 18 156 207
e 18 159 206
e 19 20 299
e 19 28 199
e 19 30 199
e 19 38 198
e 19 49 198
e 19 52 203
e 19 56 195
e 19 60 204
e 19 63 204
e 19 66 201
e 19 79 197
e 19 87 199
e 19 90 194
e 19 92 201
e 19 94 193
e 19 95 200
e 19 96 201
e 19 98 203
e 19 99 199
e 19 101 199
e 19 102 204
e 19 104 203
e 19 108 207
e 19 109 198
e 19 113 193
e 19 118 194
e 19 121 198
e 19 123 196
e 19 125 196
e 19 126 193
e 19 128 198
e 19 131 193
e 19 154 190
e 20 21 299
e 20 24 290
e 20 30 194
e 20 38 210
e 20 41 199
e 20 45 207
e 20 49 203
e 20 51 200
e 20 54 196
e 20 58 207
e 20 77 200
e 20 90 198
e 20 94 203
e 20 100 198
e 20 105 201
e 20 106 200
e 20 116 197
e 20 118 204
e 20 130 198
e 20 140 197
e 20 145 195
e 20 147 193
e 20 148 200
e 20 153 201
e 20 154 201
e 20 157 196
e 20 159 208
e 21 23 295
e 21 25 210
e 21 37 198
e 21 50 192
e 21 53 197
e 21 58 201
e 21 61 205
e 21 63 200
e 21 66 195
e 21 77 196
e 21 90 189
e 21 92 203
e 21 114 197
e 21 124 195
e 21 131 197
e 21 141 190
e 21 148 209
e 21 155 204
e 21 156 202
e 22 24 297
e 22 25 200
e 22 39 200
e 22 46 197
e 22 51 193
e 22 72 201
e 22 74 201
e 22 75 204
e 22 84 198
e 22 85 199
e 22 91 208
e 22 93 199
e 22 98 200
e 22 99 202
e 22 104 210
e 22 107 204
e 22 118 204
e 22 123 196
e 22 124 195
e 22 126 206
e 22 128 203
e 22 132 207
e 22 135 194
e 22 139 194
e 22 140 195
e 22 142 198
e 22 143 196
e 22 149 203
e 22 154 196
e 23 26 189
e 23 30 197
e 23 40 199
e 23 41 197
e 23 43 199
e 23 44 192
e 23 47 200
e 23 50 200
e 23 52 190
e 23 56 206
e 23 60 199
e 23 63 196
e 23 64 196
e 23 70 196
e 23 96 203
e 23 100 199
e 23 106 199
e 23 107 197
e 23 110 200
e 23 118 203
e 23 134 201
e 23 137 201
e 23 140 196
e 23 151 203
e 23 154 202
e 23 159 200
e 24 25 210
e 24 28 200
e 24 30 196
e 24 34 202
e 24 39 207
e 24 41 197
e 24 52 209
e 24 61 208
e 24 69 196
e 24 70 186
e 24 71 200
e 24 72 194
e 24 74 201
e 24 85 197
e 24 86 207
e 24 89 206
e 24 105 204
e 24 110 192
e 24 112 197
e 24 115 202
e 24 120 198
e 24 128 202
e 24 131 191
e 24 136 205
e 24 144 196
e 24 150 201
e 24 153 191
e 24 155 203
e 24 156 195
e 24 158 201
e 25 31 100
e 25 32 103
e 25 34 98
e 25 38 100
e 25 41 103
e 25 42 103
e 25 44 101
e 25 45 99
e 25 47 93
e 25 56 103
e 25 67 101
e 25 73 105
e 25 78 99
e 25 82 93
e 25 91 103
e 25 96 96
e 25 97 105
e 25 98 95
e 25 99 94
e 25 103 89
e 25 109 104
e 25 112 104
e 25 115 102
e 25 116 98
e 25 118 100
e 25 123 99
e 25 124 91
e 25 128 101
e 25 130 104
e 25 131 105
e 25 135 101
e 25 139 102
e 25 147 97
e 25 150 107
e 25 156 109
e 26 28 101
e 26 31 95
e 26 36 101
e 26 38 99
e 26 40 98
e 26 47 104
e 26 48 103
e 26 57 103
e 26 59 99
e 26 64 98
e 26 73 102
e 26 80 98
e 26 89 99
e 26 91 88
e 26 103 107
e 26 106 104
e 26 111 108
e 26 115 102
e 26 120 95
e 26 122 93
e 26 132 104
e 26 140 105
e 26 146 105
e 26 149 96
e 26 154 100
e 26 160 103
e 27 28 101
e 27 31 99
e 27 39 96
e 27 45 106
e 27 49 104
e 27 54 100
e 27 60 99
e 27 76 94
e 27 85 109
e 27 94 93
e 27 98 100
e 27 101 102
e 27 103 100
e 27 106 87
e 27 110 96
e 27 114 101
e 27 115 104
e 27 120 94
e 27 122 94
e 27 131 113
e 27 141 107
e 27 143 107
e 27 151 97
e 27 153 98
e 28 38 97
e 28 48 97
e 28 49 95
e 28 50 105
e 28 54 106
e 28 55 104
e 28 59 101
e 28 66 100
e 28 78 97
e 28 80 92
e 28 84 96
e 28 92 104
e 28 96 100
e 28 97 97
e 28 98 105
e 28 101 102
e 28 105 101
e 28 106 86
e 28 115 97
e 28 117 98
e 28 119 101
e 28 121 98
e 28 122 97
e 28 123 93
e 28 125 102
e 28 128 99
e 28 140 102
e 28 142 97
e 28 146 107
e 28 148 98
e 28 154 97
e 28 155 98
e 28 160 99
e 29 34 105
e 29 39 101
e 29 42 90
e 29 55 97
e 29 63 97
e 29 65 102
e 29 67 97
e 29 69 94
e 29 71 100
e 29 72 101
e 29 74 94
e 29 83 100
e 29 88 98
e 29 89 98
e 29 98 98
e 29 101 98
e 29 102 98
e 29 105 101
e 29 110 108
e 29 113 102
e 29 115 98
e 29 117 112
e 29 119 96
e 29 122 106
e 29 124 105
e 29 129 98
e 29 130 106
e 29 141 92
e 29 143 97
e 29 149 93
e 29 150 100
e 29 152 95
e 29 154 100
e 29 160 94
e 30 38 97
e 30 42 105
e 30 43 100
e 30 44 102
e 30 55 93
e 30 65 94
e 30 76 104
e 30 80 95
e 30 90 104
e 30 91 96
e 30 100 112
e 30 102 103
e 30 103 103
e 30 107 100
e 30 112 92
e 30 122 98
e 30 126 95
e 30 135 100
e 30 136 99
e 30 141 97
e 30 142 99
e 30 148 100
e 30 153 90
e 30 154 96
e 31 37 98
e 31 38 106
e 31 41 93
e 31 43 96
e 31 45 98
e 31 49 92
e 31 51 99
e 31 56 102
e 31 58 102
e 31 59 93
e 31 61 95
e 31 66 97
e 31 71 96
e 31 84 96
e 31 89 101
e 31 91 92
e 31 97 101
e 31 106 91
e 31 122 100
e 31 135 98
e 31 138 101
e 31 148 106
e 31 149 98
e 31 153 100
e 31 154 101
e 31 157 96
e 32 33 102
e 32 35 99
e 32 40 102
e 32 43 103
e 32 44 107
e 32 53 101
e 32 54 93
e 32 60 97
e 32 61 96
e 32 68 105
e 32 93 97
e 32 94 98
e 32 100 110
e 32 104 95
e 32 105 105
e 32 107 99
e 32 108 105
e 32 115 95
e 32 120 95
e 32 129 107
e 32 130 94
e 32 134 102
e 32 135 100
e 32 139 96
e 32 144 96
e 32 146 100
e 32 153 101
e 32 155 99
e 32 158 106
e 32 159 103
e 33 37 96
e 33 42 98
e 33 50 98
e 33 60 100
e 33 63 96
e 33 67 101
e 33 83 84
e 33 96 100
e 33 100 92
e 33 104 113
e 33 105 105
e 33 115 105
e 33 121 99
e 33 127 102
e 33 131 97
e 33 133 96
e 33 134 107
e 33 137 95
e 33 141 106
e 33 150 104
e 33 154 100
e 33 158 103
e 34 37 111
e 34 40 95
e 34 45 103
e 34 50 97
e 34 57 92
e 34 58 97
e 34 59 104
e 34 61 104
e 34 65 104
e 34 70 102
e 34 72 103
e 34 75 107
e 34 81 96
e 34 85 103
e 34 89 99
e 34 96 109
e 34 100 97
e 34 107 102
e 34 113 98
e 34 114 99
e 34 118 103
e 34 122 102
e 34 125 92
e 34 127 95
e 34 131 93
e 34 153 102
e 34 156 93
e 34 158 98
e 34 159 104
e 34 160 100
e 35 36 102
e 35 40 105
e 35 51 103
e 35 52 107
e 35 55 98
e 35 60 96
e 35 66 102
e 35 68 97
e 35 77 101
e 35 78 107
e 35 81 96
e 35 86 107
e 35 91 103
e 35 93 104
e 35 97 107
e 35 111 100
e 35 112 100
e 35 119 99
e 35 120 89
e 35 125 107
e 35 134 99
e 35 138 95
e 35 144 102
e 35 157 93
e 36 37 98
e 36 46 110
e 36 52 99
e 36 54 105
e 36 64 103
e 36 71 106
e 36 79 103
e 36 81 100
e 36 82 105
e 36 83 102
e 36 103 102
e 36 115 103
e 36 121 103
e 36 123 97
e 36 126 101
e 36 127 101
e 36 129 101
e 36 130 99
e 36 136 103
e 36 138 102
e 36 144 99
e 36 151 95
e 36 154 93
e 36 156 102
e 37 41 89
e 37 49 100
e 37 72 94
e 37 78 102
e 37 81 108
e 37 84 93
e 37 88 100
e 37 101 100
e 37 107 107
e 37 112 97
e 37 122 97
e 37 125 99
e 37 127 96
e 37 134 100
e 37 136 104
e 37 143 92
e 37 155 100
e 38 42 101
e 38 57 100
e 38 60 98
e 38 63 105
e 38 80 100
e 38 83 97
e 38 87 103
e 38 89 95
e 38 99 100
e 38 100 95
e 38 101 96
e 38 102 93
e 38 108 104
e 38 114 93
e 38 117 103
e 38 125 102
e 38 128 97
e 38 131 100
e 38 132 97
e 38 134 93
e 38 135 98
e 38 141 100
e 38 144 99
e 38 153 97
e 38 156 97
e 38 160 97
e 39 41 100
e 39 45 101
e 39 53 100
e 39 55 102
e 39 69 101
e 39 75 100
e 39 88 95
e 39 97 95
e 39 103 94
e 39 115 97
e 39 120 97
e 39 121 98
e 39 127 99
e 39 129 97
e 39 130 102
e 39 134 100
e 39 143 98
e 39 145 94
e 39 146 99
e 39 147 109
e 39 151 108
e 39 156 99
e 39 159 98
e 40 41 107
e 40 52 94
e 40 53 105
e 40 55 92
e 40 56 100
e 40 65 94
e 40 70 101
e 40 73 98
e 40 75 98
e 40 82 94
e 40 87 97
e 40 94 106
e 40 110 96
e 40 112 97
e 40 116 108
e 40 122 100
e 40 123 100
e 40 134 108
e 40 136 86
e 40 138 101
e 40 147 106
e 40 155 99
e 40 156 112
e 40 157 103
e 41 47 98
e 41 50 99
e 41 53 92
e 41 57 93
e 41 73 104
e 41 78 104
e 41 93 100
e 41 97 106
e 41 98 94
e 41 101 92
e 41 109 99
e 41 115 95
e 41 118 105
e 41 122 95
e 41 123 108
e 41 126 98
e 41 127 96
e 41 129 100
e 41 131 96
e 41 152 96
e 41 160 96
e 42 54 92
e 42 56 104
e 42 65 99
e 42 66 101
e 42 70 103
e 42 75 96
e 42 82 85
e 42 92 98
e 42 96 115
e 42 101 91
e 42 104 94
e 42 110 99
e 42 137 91
e 42 138 100
e 42 143 94
e 42 145 109
e 42 146 102
e 42 148 99
e 42 151 102
e 42 153 101
e 42 157 89
e 43 63 105
e 43 68 104
e 43 69 101
e 43 87 103
e 43 90 101
e 43 91 108
e 43 93 101
e 43 99 95
e 43 100 95
e 43 111 94
e 43 112 101
e 43 115 103
e 43 125 95
e 43 134 104
e 43 139 90
e 43 141 86
e 43 147 104
e 43 148 105
e 44 49 99
e 44 52 101
e 44 54 100
e 44 55 102
e 44 58 95
e 44 62 95
e 44 64 99
e 44 65 102
e 44 69 99
e 44 75 97
e 44 81 107
e 44 83 97
e 44 85 93
e 44 90 106
e 44 91 101
e 44 92 97
e 44 100 104
e 44 101 101
e 44 104 99
e 44 107 101
e 44 121 108
e 44 136 96
e 44 140 103
e 44 153 98
e 44 156 92
e 44 157 102
e 45 48 96
e 45 54 103
e 45 64 100
e 45 65 99
e 45 68 104
e 45 72 101
e 45 75 100
e 45 93 96
e 45 95 94
e 45 106 96
e 45 111 104
e 45 122 101
e 45 127 98
e 45 130 98
e 45 131 101
e 45 141 96
e 45 142 101
e 45 146 106
e 45 150 105
e 45 158 104
e 45 159 114
e 46 47 96
e 46 57 91
e 46 58 96
e 46 59 89
e 46 72 97
e 46 74 101
e 46 79 97
e 46 83 98
e 46 90 102
e 46 93 93
e 46 103 107
e 46 106 103
e 46 107 98
e 46 118 99
e 46 121 101
e 46 124 101
e 46 125 98
e 46 130 106
e 46 133 96
e 46 135 97
e 46 146 103
e 46 153 93
e 46 158 96
e 47 49 100
e 47 52 98
e 47 54 111
e 47 59 103
e 47 60 102
e 47 65 97
e 47 73 103
e 47 75 91
e 47 82 97
e 47 84 93
e 47 87 99
e 47 95 98
e 47 97 100
e 47 100 106
e 47 114 104
e 47 121 108
e 47 122 96
e 47 123 104
e 47 138 105
e 47 142 105
e 47 143 104
e 47 146 98
e 47 147 105
e 47 148 99
e 47 158 95
e 47 159 101
e 48 50 93
e 48 54 100
e 48 59 96
e 48 65 91
e 48 74 108
e 48 80 99
e 48 87 96
e 48 88 103
e 48 92 103
e 48 95 102
e 48 99 97
e 48 107 95
e 48 108 94
e 48 110 97
e 48 111 91
e 48 119 98
e 48 120 96
e 48 126 95
e 48 130 100
e 48 132 100
e 48 144 92
e 48 151 103
e 48 152 94
e 48 155 94
e 48 158 102
e 48 159 96
e 49 50 100
e 49 67 101
e 49 70 98
e 49 71 99
e 49 75 98
e 49 80 102
e 49 81 88
e 49 83 92
e 49 84 111
e 49 90 99
e 49 91 106
e 49 93 103
e 49 94 92
e 49 99 105
e 49 104 102
e 49 109 101
e 49 114 99
e 49 116 106
e 49 118 103
e 49 131 105
e 49 135 100
e 49 137 103
e 49 138 96
e 49 140 108
e 49 157 102
e 49 159 101
e 50 56 94
e 50 59 93
e 50 60 98
e 50 65 100
e 50 70 101
e 50 71 99
e 50 73 105
e 50 79 97
e 50 80 104
e 50 99 97
e 50 102 103
e 50 108 97
e 50 109 105
e 50 110 101
e 50 112 97
e 50 118 107
e 50 132 107
e 50 138 99
e 50 140 101
e 50 148 101
e 50 151 104
e 50 152 94
e 50 154 106
e 50 158 101
e 50 160 106
e 51 52 97
e 51 53 104
e 51 56 101
e 51 59 110
e 51 62 103
e 51 67 96
e 51 69 98
e 51 73 102
e 51 76 102
e 51 83 99
e 51 86 102
e 51 87 94
e 51 90 102
e 51 97 107
e 51 99 100
e 51 108 98
e 51 112 102
e 51 119 100
e 51 124 104
e 51 131 103
e 51 134 96
e 51 141 98
e 51 146 94
e 51 158 106
e 52 54 102
e 52 57 94
e 52 62 110
e 52 66 108
e 52 70 100
e 52 73 97
e 52 76 102
e 52 80 101
e 52 82 100
e 52 125 106
e 52 136 108
e 52 137 100
e 52 138 98
e 52 144 105
e 52 147 95
e 52 151 92
e 52 155 98
e 53 65 99
e 53 67 91
e 53 71 103
e 53 74 99
e 53 76 94
e 53 77 106
e 53 84 96
e 53 85 104
e 53 96 95
e 53 98 108
e 53 103 95
e 53 113 103
e 53 116 107
e 53 123 106
e 53 129 105
e 53 131 98
e 53 137 108
e 53 140 101
e 53 143 96
e 53 144 103
e 53 147 93
e 53 152 100
e 53 155 110
e 53 160 97
e 54 60 91
e 54 64 102
e 54 67 97
e 54 69 111
e 54 71 97
e 54 79 98
e 54 86 100
e 54 94 96
e 54 95 91
e 54 97 106
e 54 106 98
e 54 110 106
e 54 111 99
e 54 115 99
e 54 120 93
e 54 124 106
e 54 126 102
e 54 135 96
e 54 139 102
e 54 143 96
e 54 148 107
e 54 149 99
e 54 151 100
e 55 60 109
e 55 70 93
e 55 72 104
e 55 78 101
e 55 79 105
e 55 83 98
e 55 95 99
e 55 98 92
e 55 100 96
e 55 111 103
e 55 113 101
e 55 114 96
e 55 118 92
e 55 131 97
e 55 133 99
e 55 134 99
e 55 136 95
e 55 139 88
e 55 140 106
e 55 141 93
e 55 145 102
e 55 147 94
e 55 150 101
e 55 157 92
e 55 160 102
e 56 58 100
e 56 64 98
e 56 69 97
e 56 75 96
e 56 79 103
e 56 81 103
e 56 85 100
e 56 89 101
e 56 104 95
e 56 119 96
e 56 122 101
e 56 125 94
e 56 126 102
e 56 129 92
e 56 130 106
e 56 143 96
e 56 153 99
e 56 155 105
e 57 58 103
e 57 59 105
e 57 62 100
e 57 63 96
e 57 64 97
e 57 83 101
e 57 89 100
e 57 92 103
e 57 113 98
e 57 118 105
e 57 120 99
e 57 129 99
e 57 130 92
e 57 142 96
e 57 148 102
e 57 150 105
e 57 153 98
e 57 156 94
e 57 158 96
e 57 159 101
e 58 62 90
e 58 63 94
e 58 67 93
e 58 70 97
e 58 71 104
e 58 78 96
e 58 102 95
e 58 104 94
e 58 112 100
e 58 125 103
e 58 126 103
e 58 129 101
e 58 136 101
e 58 147 104
e 58 148 84
e 58 149 101
e 58 155 99
e 58 157 110
e 59 63 105
e 59 65 95
e 59 68 99
e 59 69 101
e 59 75 99
e 59 76 98
e 59 77 99
e 59 79 101
e 59 94 108
e 59 99 101
e 59 104 106
e 59 106 95
e 59 107 97
e 59 115 94
e 59 119 96
e 59 141 109
e 59 159 101
e 60 67 104
e 60 70 89
e 60 71 91
e 60 74 101
e 60 85 98
e 60 87 98
e 60 92 100
e 60 105 96
e 60 106 109
e 60 115 105
e 60 125 91
e 60 126 106
e 60 129 94
e 60 132 105
e 60 137 94
e 60 138 91
e 60 142 98
e 60 144 86
e 60 145 99
e 60 160 99
e 61 63 98
e 61 65 102
e 61 66 100
e 61 70 100
e 61 72 99
e 61 78 99
e 61 88 104
e 61 94 98
e 61 97 101
e 61 102 101
e 61 114 93
e 61 116 95
e 61 128 101
e 61 130 105
e 61 131 97
e 61 134 97
e 61 139 100
e 61 151 95
e 61 158 107
e 61 159 90
e 62 68 101
e 62 73 93
e 62 75 107
e 62 81 107
e 62 86 105
e 62 93 102
e 62 109 96
e 62 120 94
e 62 124 96
e 62 128 94
e 62 129 93
e 62 140 109
e 62 141 95
e 62 145 101
e 62 146 92
e 62 147 97
e 62 150 99
e 62 154 99
e 63 69 89
e 63 73 105
e 63 76 95
e 63 86 103
e 63 88 95
e 63 98 102
e 63 108 107
e 63 112 101
e 63 113 101
e 63 117 91
e 63 121 107
e 63 122 98
e 63 124 102
e 63 127 98
e 63 136 100
e 63 141 102
e 63 152 102
e 63 155 91
e 63 157 90
e 63 159 107
e 64 69 90
e 64 75 101
e 64 85 95
e 64 92 99
e 64 93 99
e 64 103 99
e 64 105 97
e 64 111 98
e 64 120 101
e 64 121 106
e 64 122 104
e 64 127 101
e 64 128 96
e 64 137 98
e 64 145 94
e 64 152 100
e 64 155 104
e 64 156 97
e 64 157 99
e 65 94 105
e 65 99 102
e 65 126 100
e 65 135 97
e 65 137 98
e 65 142 96
e 65 150 99
e 65 156 104
e 65 157 93
e 65 158 101
e 66 67 96
e 66 78 94
e 66 90 101
e 66 101 100
e 66 108 102
e 66 113 105
e 66 117 99
e 66 118 103
e 66 126 97
e 66 136 94
e 66 137 104
e 66 139 100
e 66 146 103
e 66 151 103
e 66 158 99
e 66 160 98
e 67 70 91
e 67 73 94
e 67 75 97
e 67 79 99
e 67 81 96
e 67 82 105
e 67 100 99
e 67 118 102
e 67 121 103
e 67 125 102
e 67 129 95
e 67 134 98
e 67 149 101
e 67 160 94
e 68 69 94
e 68 74 107
e 68 75 109
e 68 83 102
e 68 95 101
e 68 98 96
e 68 101 102
e 68 107 87
e 68 110 104
e 68 113 94
e 68 116 94
e 68 118 102
e 68 133 96
e 68 142 104
e 68 153 100
e 68 156 95
e 69 71 100
e 69 72 103
e 69 77 103
e 69 78 103
e 69 80 101
e 69 83 103
e 69 96 100
e 69 97 101
e 69 102 102
e 69 109 95
e 69 119 102
e 69 120 99
e 69 123 104
e 69 124 93
e 69 127 99
e 69 129 103
e 69 132 94
e 69 142 103
e 69 144 90
e 69 145 107
e 69 154 103
e 69 158 99
e 70 79 101
e 70 87 95
e 70 90 109
e 70 93 97
e 70 98 99
e 70 101 105
e 70 124 93
e 70 125 98
e 70 135 89
e 70 139 90
e 70 144 97
e 70 155 100
e 71 74 95
e 71 76 101
e 71 85 104
e 71 88 111
e 71 94 94
e 71 100 94
e 71 101 95
e 71 115 99
e 71 118 94
e 71 119 99
e 71 120 102
e 71 121 94
e 71 124 96
e 71 129 109
e 71 134 104
e 71 142 100
e 71 145 97
e 71 153 106
e 71 154 94
e 71 156 94
e 72 80 101
e 72 85 95
e 72 88 112
e 72 93 90
e 72 96 111
e 72 99 97
e 72 100 103
e 72 104 90
e 72 118 107
e 72 120 97
e 72 123 106
e 72 127 91
e 72 132 99
e 72 133 100
e 72 145 101
e 72 157 98
e 72 159 107
e 73 91 102
e 73 107 94
e 73 109 103
e 73 111 92
e 73 122 92
e 73 124 92
e 73 134 96
e 73 135 96
e 73 138 92
e 73 145 97
e 73 150 102
e 73 152 102
e 73 155 106
e 73 156 106
e 73 160 96
e 74 83 92
e 74 84 96
e 74 89 102
e 74 95 100
e 74 100 103
e 74 105 107
e 74 106 105
e 74 119 104
e 74 134 103
e 74 142 102
e 74 144 99
e 74 158 104
e 75 79 99
e 75 90 105
e 75 94 108
e 75 101 100
e 75 102 106
e 75 111 91
e 75 114 96
e 75 115 93
e 75 119 84
e 75 124 94
e 75 151 98
e 75 156 94
e 75 159 98
e 76 86 102
e 76 96 94
e 76 99 103
e 76 111 99
e 76 112 92
e 76 117 111
e 76 118 95
e 76 125 96
e 76 127 104
e 76 140 105
e 76 142 103
e 76 144 92
e 76 145 105
e 76 151 102
e 76 156 98
e 76 157 99
e 77 90 104
e 77 94 94
e 77 99 109
e 77 108 93
e 77 112 94
e 77 116 106
e 77 121 98
e 77 133 96
e 77 135 105
e 77 136 100
e 77 137 104
e 77 140 103
e 77 141 91
e 77 151 99
e 78 93 94
e 78 98 94
e 78 99 99
e 78 107 92
e 78 108 98
e 78 111 104
e 78 118 103
e 78 119 95
e 78 124 95
e 78 127 101
e 78 136 107
e 78 144 102
e 78 145 95
e 78 152 94
e 78 153 107
e 78 154 102
e 78 155 96
e 78 159 101
e 79 82 105
e 79 85 94
e 79 94 102
e 79 95 93
e 79 104 100
e 79 106 108
e 79 116 97
e 79 117 98
e 79 118 110
e 79 122 98
e 79 138 99
e 79 145 100
e 79 146 95
e 80 81 103
e 80 83 97
e 80 84 97
e 80 88 92
e 80 95 98
e 80 96 92
e 80 98 93
e 80 99 102
e 80 100 97
e 80 105 108
e 80 107 95
e 80 109 93
e 80 121 101
e 80 126 98
e 80 129 96
e 80 131 99
e 80 140 98
e 80 144 105
e 80 145 102
e 80 146 93
e 80 151 97
e 80 152 97
e 81 91 97
e 81 95 101
e 81 98 103
e 81 100 96
e 81 104 98
e 81 108 97
e 81 110 99
e 81 113 100
e 81 114 105
e 81 115 106
e 81 121 97
e 81 123 95
e 81 126 100
e 81 127 98
e 81 129 91
e 81 130 99
e 81 134 102
e 81 136 99
e 81 137 96
e 81 142 100
e 81 153 96
e 81 154 96
e 81 156 102
e 82 92 96
e 82 100 102
e 82 102 102
e 82 115 97
e 82 118 92
e 82 123 103
e 82 126 99
e 82 130 93
e 82 131 104
e 82 132 93
e 82 136 104
e 82 143 104
e 82 148 94
e 82 151 105
e 82 156 89
e 82 158 107
e 83 92 98
e 83 93 97
e 83 96 93
e 83 100 98
e 83 103 98
e 83 104 104
e 83 115 100
e 83 116 97
e 83 119 98
e 83 129 97
e 83 135 108
e 83 138 96
e 83 141 96
e 83 152 91
e 83 155 95
e 83 158 97
e 83 159 101
e 84 86 95
e 84 91 104
e 84 116 96
e 84 122 103
e 84 130 90
e 84 135 101
e 84 136 103
e 84 137 99
e 84 139 102
e 84 143 96
e 84 158 94
e 85 90 92
e 85 95 96
e 85 113 104
e 85 116 103
e 85 117 90
e 85 120 107
e 85 121 108
e 85 122 101
e 85 125 106
e 85 135 100
e 85 136 104
e 85 144 93
e 85 146 100
e 85 149 100
e 85 160 88
e 86 91 100
e 86 96 101
e 86 97 99
e 86 98 98
e 86 102 99
e 86 110 92
e 86 114 105
e 86 115 95
e 86 116 104
e 86 128 96
e 86 138 105
e 86 148 95
e 86 152 105
e 86 153 95
e 87 89 106
e 87 99 109
e 87 116 89
e 87 124 95
e 87 131 103
e 87 132 106
e 87 133 102
e 87 136 109
e 87 137 102
e 87 139 98
e 87 153 104
e 87 158 95
e 88 89 96
e 88 91 94
e 88 92 99
e 88 93 101
e 88 98 87
e 88 106 97
e 88 117 99
e 88 120 103
e 88 122 104
e 88 127 102
e 88 132 94
e 88 136 99
e 88 141 97
e 88 143 101
e 88 145 94
e 88 155 105
e 88 160 100
e 89 92 108
e 89 93 99
e 89 97 96
e 89 98 98
e 89 101 89
e 89 105 92
e 89 106 102
e 89 111 97
e 89 113 94
e 89 115 104
e 89 121 101
e 89 129 100
e 89 136 99
e 89 139 95
e 89 143 107
e 89 150 95
e 89 157 104
e 89 158 101
e 90 92 100
e 90 98 90
e 90 99 87
e 90 104 102
e 90 109 100
e 90 125 102
e 90 127 107
e 90 130 105
e 90 132 94
e 90 141 103
e 90 142 100
e 90 154 103
e 90 160 99
e 91 92 98
e 91 94 93
e 91 105 101
e 91 121 98
e 91 122 96
e 91 136 91
e 91 138 106
e 91 141 104
e 91 152 101
e 91 153 92
e 91 158 96
e 92 96 105
e 92 103 102
e 92 106 91
e 92 108 97
e 92 109 106
e 92 112 108
e 92 121 102
e 92 125 99
e 92 132 110
e 92 134 97
e 92 137 105
e 92 138 99
e 92 141 94
e 92 142 92
e 92 146 107
e 92 148 101
e 92 151 96
e 92 155 102
e 92 160 97
e 93 95 100
e 93 97 104
e 93 100 107
e 93 104 98
e 93 112 98
e 93 120 98
e 93 121 105
e 93 122 99
e 93 138 107
e 93 140 95
e 93 143 106
e 93 152 96
e 93 156 98
e 93 160 91
e 94 95 97
e 94 100 97
e 94 103 93
e 94 108 101
e 94 109 96
e 94 125 95
e 94 134 97
e 94 140 94
e 94 146 94
e 94 151 109
e 94 156 104
e 94 160 99
e 95 96 103
e 95 101 101
e 95 117 97
e 95 118 97
e 95 123 104
e 95 127 96
e 95 139 103
e 95 140 95
e 95 145 96
e 95 146 111
e 95 154 99
e 95 155 97
e 95 157 96
e 96 97 104
e 96 101 98
e 96 102 101
e 96 112 94
e 96 123 105
e 96 127 99
e 96 129 94
e 96 134 99
e 96 137 96
e 96 143 97
e 96 146 95
e 96 151 97
e 96 152 87
e 96 160 96
e 97 100 94
e 97 101 110
e 97 103 98
e 97 106 101
e 97 108 104
e 97 110 97
e 97 111 98
e 97 117 103
e 97 123 98
e 97 126 96
e 97 127 100
e 97 132 100
e 97 141 106
e 97 143 97
e 97 144 104
e 97 145 96
e 97 146 96
e 97 147 98
e 97 156 101
e 97 157 104
e 97 159 105
e 98 100 100
e 98 113 108
e 98 114 106
e 98 122 102
e 98 131 100
e 98 136 90
e 98 153 97
e 98 155 104
e 99 103 89
e 99 106 100
e 99 112 103
e 99 126 100
e 99 127 93
e 99 130 94
e 99 131 99
e 99 135 97
e 99 137 95
e 99 139 105
e 99 140 98
e 99 146 110
e 99 151 100
e 100 104 98
e 100 106 101
e 100 107 101
e 100 108 105
e 100 119 101
e 100 127 89
e 100 129 99
e 100 133 95
e 100 142 101
e 100 145 93
e 100 146 93
e 101 106 111
e 101 107 101
e 101 108 99
e 101 109 106
e 101 123 87
e 101 124 97
e 101 125 99
e 101 127 101
e 101 128 100
e 101 129 95
e 101 136 100
e 101 139 105
e 101 143 94
e 101 145 96
e 101 149 104
e 101 151 106
e 102 105 97
e 102 106 98
e 102 107 95
e 102 110 95
e 102 111 101
e 102 122 102
e 102 123 94
e 102 126 109
e 102 128 91
e 102 132 99
e 102 138 97
e 102 141 102
e 102 158 101
e 102 160 106
e 103 106 94
e 103 116 96
e 103 119 96
e 103 120 109
e 103 126 102
e 103 130 95
e 103 139 109
e 103 142 114
e 103 145 103
e 103 152 97
e 103 159 99
e 103 160 106
e 104 105 107
e 104 111 111
e 104 112 97
e 104 113 102
e 104 125 100
e 104 127 92
e 104 130 98
e 104 134 107
e 104 137 105
e 105 119 105
e 105 123 100
e 105 126 105
e 105 130 98
e 105 133 103
e 105 135 97
e 105 136 98
e 105 152 92
e 105 159 103
e 106 125 103
e 106 127 107
e 106 131 102
e 106 132 99
e 106 135 99
e 106 145 105
e 106 154 101
e 107 114 94
e 107 124 100
e 107 133 102
e 107 136 95
e 107 137 100
e 107 141 102
e 107 151 92
e 107 154 90
e 107 155 105
e 108 109 103
e 108 125 107
e 108 133 104
e 108 138 96
e 108 142 108
e 108 150 92
e 108 151 98
e 109 110 101
e 109 113 99
e 109 116 96
e 109 129 99
e 109 130 97
e 109 152 102
e 109 153 99
e 109 157 90
e 110 116 103
e 110 118 103
e 110 121 109
e 110 142 109
e 110 143 103
e 110 152 106
e 110 156 103
e 111 124 100
e 111 135 110
e 111 137 95
e 111 153 90
e 111 155 104
e 112 113 98
e 112 114 92
e 112 121 94
e 112 124 92
e 112 125 102
e 112 126 105
e 112 130 97
e 112 132 99
e 112 137 100
e 112 145 107
e 112 150 94
e 112 152 103
e 113 115 97
e 113 120 110
e 113 125 87
e 113 127 93
e 113 129 100
e 113 130 98
e 113 144 96
e 113 146 99
e 113 148 100
e 113 151 100
e 114 118 94
e 114 119 102
e 114 120 107
e 114 125 98
e 114 130 110
e 114 136 102
e 114 141 97
e 114 143 92
e 114 157 100
e 114 159 94
e 115 117 102
e 115 121 110
e 115 123 100
e 115 129 101
e 115 143 100
e 115 145 96
e 115 147 96
e 115 158 95
e 116 118 102
e 116 120 105
e 116 121 98
e 116 129 97
e 116 130 103
e 116 135 101
e 116 139 98
e 116 144 99
e 116 146 96
e 116 151 98
e 116 152 101
e 116 154 96
e 117 120 102
e 117 128 94
e 117 142 96
e 117 157 98
e 117 160 102
e 118 124 98
e 118 131 93
e 118 132 104
e 118 134 106
e 118 141 98
e 118 143 98
e 118 151 95
e 118 152 109
e 118 153 102
e 118 155 98
e 119 121 103
e 119 125 96
e 119 128 103
e 119 131 99
e 119 132 111
e 119 134 98
e 119 135 100
e 119 137 97
e 119 139 111
e 119 142 106
e 119 144 103
e 119 150 100
e 119 151 96
e 119 155 105
e 119 157 93
e 119 159 99
e 120 126 105
e 120 133 107
e 120 134 100
e 120 142 103
e 120 144 99
e 120 151 95
e 120 153 110
e 120 158 99
e 121 125 97
e 121 131 94
e 121 133 98
e 121 137 99
e 121 138 93
e 121 144 98
e 121 148 99
e 121 151 100
e 121 153 106
e 121 156 94
e 121 159 104
e 122 135 95
e 122 139 102
e 122 145 101
e 123 127 91
e 123 129 98
e 123 132 101
e 123 136 102
e 123 139 96
e 123 148 107
e 123 158 102
e 123 159 98
e 123 160 95
e 124 125 88
e 124 129 101
e 124 131 95
e 124 132 94
e 124 136 94
e 124 139 94
e 124 153 93
e 125 127 97
e 125 142 102
e 125 145 88
e 125 154 101
e 125 158 98
e 126 130 97
e 126 131 100
e 126 145 104
e 126 146 99
e 126 151 97
e 127 131 113
e 127 137 108
e 127 145 96
e 127 146 101
e 127 153 95
e 128 130 96
e 128 131 102
e 128 143 102
e 128 147 88
e 128 149 98
e 129 133 94
e 129 139 107
e 129 143 101
e 130 131 95
e 130 133 103
e 130 148 99
e 130 149 99
e 130 150 101
e 130 157 88
e 131 132 101
e 131 154 96
e 131 159 110
e 131 160 99
e 132 135 100
e 132 140 97
e 132 142 98
e 132 143 102
e 132 144 92
e 132 146 105
e 132 153 93
e 132 158 98
e 133 135 98
e 133 136 97
e 133 140 103
e 133 152 101
e 133 156 103
e 133 159 92
e 134 135 97
e 134 136 110
e 134 137 90
e 134 141 111
e 134 143 106
e 134 150 101
e 134 151 105
e 134 156 104
e 135 139 99
e 135 141 107
e 135 147 94
e 135 149 108
e 135 152 100
e 135 153 91
e 135 154 89
e 135 155 93
e 135 159 101
e 136 138 106
e 136 143 102
e 136 153 108
e 136 154 104
e 136 159 89
e 137 141 102
e 137 143 105
e 137 144 96
e 137 145 102
e 137 149 107
e 137 153 96
e 137 156 93
e 137 157 103
e 138 148 101
e 138 154 104
e 138 155 103
e 138 157 95
e 138 159 92
e 139 141 108
e 139 153 108
e 139 155 89
e 140 142 97
e 140 145 101
e 140 146 92
e 140 147 96
e 140 149 96
e 140 150 101
e 140 151 94
e 140 152 95
e 140 153 100
e 140 160 97
e 141 142 102
e 141 143 103
e 141 147 107
e 141 150 93
e 141 151 90
e 142 145 99
e 142 147 92
e 142 148 98
e 142 149 104
e 142 154 105
e 142 157 102
e 143 145 101
e 143 148 97
e 143 151 93
e 143 152 110
e 144 147 92
e 144 151 102
e 144 152 102
e 144 153 103
e 144 154 95
e 145 146 91
e 145 148 104
e 145 149 104
e 145 159 97
e 147 148 97
e 147 149 101
e 147 151 100
e 147 157 95
e 147 158 105
e 147 159 100
e 148 155 96
e 149 150 105
e 149 155 102
e 150 152 110
e 150 155 111
e 150 159 94
e 151 156 98
e 151 160 94
e 152 156 99
e 152 158 91
e 152 160 101
e 154 156 99
e 155 157 110
e 156 159 99
e 157 158 103
e 159 160 96
