DIMACS2
40 1
 2
 3
 4
 5
 6
 7
 8
 9
 10
 11
 12
 13
 14
 15 16
 17
 18
 19
 20
 21
 22
 23
 24
 25
 26
 27
 28
 29
 30 31
 32
 33
 34
 35
 36
 37
 38
 39
 40

p edge 160 2544
e 1 3 288
e 1 9 301
e 1 16 301
e 1 17 292
e 1 26 305
e 1 33 306
e 1 36 297
e 1 43 198
e 1 47 204
e 1 49 200
e 1 60 195
e 1 61 196
e 1 67 198
e 1 72 199
e 1 75 196
e 1 77 205
e 1 78 205
e 1 79 196
e 1 86 207
e 1 87 209
e 1 90 198
e 1 91 200
e 1 92 203
e 1 94 203
e 1 95 202
e 1 97 197
e 1 103 204
e 1 118 197
e 1 123 204
e 1 128 201
e 1 130 194
e 1 139 193
e 1 140 209
e 1 142 203
e 1 145 197
e 1 146 191
e 1 147 197
e 1 149 200
e 1 159 201
e 2 5 298
e 2 9 300
e 2 10 298
e 2 16 297
e 2 19 305
e 2 22 302
e 2 24 309
e 2 28 297
e 2 36 301
e 2 39 303
e 2 42 199
e 2 44 201
e 2 46 197
e 2 49 208
e 2 52 194
e 2 54 200
e 2 58 203
e 2 61 196
e 2 62 203
e 2 64 202
e 2 67 188
e 2 77 200
e 2 81 200
e 2 83 198
e 2 85 196
e 2 87 202
e 2 92 200
e 2 93 205
e 2 95 206
e 2 99 203
e 2 101 205
e 2 110 199
e 2 111 196
e 2 135 203
e 2 138 207
e 2 144 192
e 2 151 196
e 2 153 190
e 3 14 307
e 3 20 297
e 3 21 293
e 3 28 302
e 3 37 301
e 3 42 196
e 3 54 202
e 3 55 201
e 3 56 209
e 3 61 200
e 3 81 201
e 3 95 199
e 3 98 211
e 3 103 201
e 3 105 196
e 3 109 199
e 3 111 196
e 3 118 203
e 3 126 199
e 3 131 196
e 3 134 205
e 3 141 197
e 3 149 184
e 3 155 196
e 4 6 297
e 4 7 301
e 4 14 300
e 4 29 305
e 4 47 198
e 4 50 191
e 4 60 194
e 4 63 193
e 4 66 204
e 4 68 198
e 4 72 217
e 4 74 205
e 4 89 207
e 4 95 203
e 4 97 206
e 4 102 199
e 4 112 198
e 4 114 195
e 4 117 201
e 4 120 195
e 4 122 199
e 4 124 197
e 4 125 196
e 4 126 191
e 4 128 204
e 4 146 190
e 4 153 208
e 4 155 203
e 4 157 204
e 4 158 200
e 4 159 198
e 5 7 306
e 5 9 293
e 5 21 299
e 5 37 292
e 5 38 295
e 5 39 291
e 5 42 196
e 5 60 203
e 5 61 198
e 5 74 187
e 5 82 204
e 5 90 193
e 5 92 179
e 5 95 196
e 5 107 198
e 5 108 200
e 5 110 201
e 5 113 198
e 5 116 206
e 5 126 196
e 5 133 196
e 5 137 197
e 5 142 193
e 5 147 196
e 5 152 206
e 5 157 208
e 6 7 292
e 6 8 296
e 6 12 303
e 6 14 308
e 6 17 300
e 6 21 309
e 6 24 299
e 6 28 294
e 6 29 302
e 6 32 299
e 6 37 290
e 6 46 191
e 6 48 194
e 6 52 193
e 6 57 193
e 6 74 209
e 6 77 197
e 6 80 191
e 6 84 208
e 6 87 195
e 6 95 198
e 6 97 189
e 6 106 209
e 6 108 195
e 6 109 201
e 6 119 201
e 6 121 200
e 6 131 196
e 6 145 199
e 6 153 197
e 6 154 189
e 6 156 195
e 6 158 194
e 7 11 301
e 7 13 300
e 7 20 300
e 7 26 300
e 7 29 301
e 7 30 299
e 7 36 304
e 7 37 303
e 7 41 195
e 7 48 196
e 7 52 204
e 7 53 202
e 7 54 199
e 7 59 203
e 7 62 200
e 7 64 203
e 7 66 194
e 7 68 199
e 7 73 198
e 7 75 199
e 7 77 203
e 7 115 197
e 7 116 191
e 7 125 195
e 7 128 200
e 7 130 185
e 7 132 196
e 7 136 202
e 7 143 194
e 7 148 199
e 7 157 200
e 8 10 291
e 8 11 299
e 8 22 298
e 8 30 296
e 8 33 306
e 8 34 293
e 8 36 299
e 8 38 293
e 8 43 193
e 8 64 194
e 8 70 197
e 8 86 203
e 8 92 206
e 8 96 208
e 8 98 199
e 8 99 204
e 8 103 198
e 8 104 204
e 8 107 197
e 8 109 202
e 8 125 211
e 8 126 194
e 8 128 199
e 8 135 199
e 8 146 207
e 8 147 194
e 8 148 202
e 8 150 208
e 8 152 194
e 9 11 306
e 9 14 301
e 9 16 306
e 9 20 310
e 9 22 302
e 9 26 300
e 9 28 297
e 9 29 306
e 9 32 292
e 9 33 296
e 9 40 303
e 9 41 203
e 9 43 197
e 9 44 199
e 9 51 198
e 9 54 204
e 9 57 189
e 9 66 207
e 9 67 203
e 9 70 200
e 9 88 197
e 9 90 203
e 9 92 203
e 9 93 198
e 9 95 199
e 9 112 199
e 9 113 207
e 9 115 201
e 9 116 206
e 9 122 190
e 9 127 200
e 9 128 207
e 9 130 196
e 9 131 193
e 9 136 194
e 9 137 196
e 9 138 194
e 9 141 200
e 9 146 204
e 9 147 202
e 9 152 201
e 9 158 199
e 10 15 301
e 10 23 301
e 10 26 298
e 10 30 297
e 10 35 300
e 10 36 294
e 10 39 299
e 10 45 198
e 10 50 201
e 10 52 193
e 10 54 193
e 10 62 203
e 10 93 200
e 10 94 200
e 10 96 206
e 10 101 207
e 10 110 200
e 10 122 205
e 10 125 191
e 10 126 205
e 10 131 213
e 10 134 201
e 10 142 198
e 10 148 199
e 10 159 189
e 10 160 196
e 11 20 294
e 11 23 295
e 11 28 299
e 11 42 191
e 11 48 200
e 11 49 196
e 11 71 213
e 11 85 190
e 11 92 200
e 11 99 192
e 11 102 199
e 11 103 196
e 11 106 204
e 11 137 201
e 11 147 198
e 11 159 200
e 12 18 296
e 12 20 302
e 12 25 301
e 12 54 202
e 12 55 196
e 12 56 197
e 12 59 197
e 12 67 195
e 12 68 198
e 12 73 206
e 12 82 184
e 12 86 207
e 12 93 199
e 12 98 201
e 12 112 201
e 12 113 210
e 12 121 198
e 12 129 197
e 12 130 201
e 12 134 200
e 12 142 198
e 12 144 198
e 12 149 197
e 12 150 198
e 12 152 193
e 12 155 195
e 13 18 298
e 13 19 292
e 13 25 303
e 13 27 293
e 13 28 301
e 13 33 309
e 13 34 300
e 13 38 306
e 13 44 198
e 13 61 196
e 13 70 204
e 13 78 203
e 13 79 194
e 13 90 191
e 13 92 193
e 13 94 192
e 13 95 195
e 13 101 193
e 13 104 200
e 13 105 191
e 13 109 201
e 13 110 208
e 13 114 195
e 13 119 209
e 13 122 209
e 13 125 198
e 13 130 196
e 13 131 201
e 13 136 204
e 13 142 192
e 13 144 205
e 13 150 194
e 14 19 300
e 14 20 300
e 14 23 306
e 14 26 306
e 14 27 307
e 14 51 198
e 14 53 198
e 14 58 209
e 14 59 199
e 14 75 203
e 14 76 210
e 14 77 196
e 14 87 196
e 14 88 198
e 14 100 199
e 14 102 199
e 14 108 202
e 14 117 203
e 14 118 202
e 14 119 208
e 14 125 201
e 14 132 208
e 14 135 193
e 14 139 197
e 14 149 200
e 15 26 296
e 15 31 300
e 15 33 289
e 15 35 307
e 15 39 294
e 15 41 198
e 15 43 206
e 15 45 200
e 15 49 202
e 15 56 195
e 15 67 202
e 15 70 202
e 15 74 203
e 15 76 202
e 15 83 205
e 15 86 198
e 15 88 204
e 15 90 198
e 15 95 206
e 15 97 204
e 15 99 194
e 15 106 198
e 15 107 195
e 15 110 196
e 15 113 201
e 15 114 192
e 15 115 200
e 15 119 189
e 15 127 203
e 15 129 197
e 15 137 189
e 15 140 209
e 15 147 203
e 16 25 294
e 16 39 299
e 16 48 201
e 16 60 192
e 16 61 204
e 16 66 205
e 16 70 204
e 16 72 209
e 16 78 202
e 16 80 201
e 16 84 195
e 16 86 200
e 16 92 203
e 16 99 196
e 16 102 195
e 16 106 200
e 16 110 192
e 16 112 205
e 16 121 196
e 16 122 203
e 16 123 201
e 16 125 191
e 16 129 201
e 16 130 198
e 16 136 193
e 16 140 204
e 16 142 199
e 16 148 202
e 16 151 200
e 16 153 198
e 16 155 201
e 16 160 205
e 17 22 300
e 17 24 307
e 17 26 293
e 17 28 295
e 17 33 308
e 17 39 298
e 17 45 198
e 17 46 201
e 17 49 202
e 17 64 202
e 17 65 196
e 17 75 204
e 17 82 201
e 17 83 204
e 17 89 199
e 17 92 196
e 17 93 204
e 17 100 193
e 17 106 194
e 17 114 195
e 17 121 197
e 17 134 200
e 17 135 196
e 17 136 201
e 17 145 205
e 17 148 200
e 17 149 210
e 17 151 196
e 17 154 197
e 17 156 203
e 18 19 299
e 18 20 299
e 18 26 305
e 18 28 303
e 18 33 297
e 18 43 205
e 18 50 200
e 18 61 196
e 18 62 193
e 18 65 200
e 18 67 198
e 18 69 195
e 18 70 189
e 18 71 203
e 18 76 198
e 18 86 195
e 18 90 194
e 18 95 198
e 18 99 203
e 18 101 206
e 18 103 193
e 18 106 199
e 18 107 195
e 18 111 195
e 18 136 191
e 18 137 201
e 18 139 202
e 18 140 196
e 18 144 194
e 18 145 201
e 18 151 211
e 18 157 202
e 19 22 294
e 19 29 301
e 19 33 298
e 19 34 293
e 19 40 293
e 19 55 194
e 19 56 197
e 19 57 208
e 19 60 208
e 19 61 206
e 19 71 198
e 19 74 203
e 19 81 196
e 19 87 198
e 19 88 197
e 19 90 196
e 19 93 210
e 19 98 199
e 19 99 200
e 19 101 202
e 19 108 196
e 19 122 192
e 19 124 196
e 19 125 208
e 19 137 198
e 19 141 198
e 19 145 191
e 19 148 196
e 19 150 199
e 19 156 199
e 19 158 207
e 20 21 298
e 20 22 293
e 20 25 301
e 20 28 303
e 20 30 298
e 20 37 300
e 20 41 193
e 20 46 201
e 20 49 198
e 20 58 196
e 20 81 191
e 20 96 204
e 20 98 195
e 20 99 199
e 20 102 201
e 20 110 189
e 20 118 197
e 20 122 201
e 20 124 202
e 20 129 205
e 20 131 199
e 20 133 196
e 20 134 194
e 20 139 200
e 20 144 208
e 20 151 203
e 21 24 295
e 21 25 291
e 21 34 303
e 21 41 198
e 21 43 199
e 21 55 194
e 21 59 197
e 21 61 200
e 21 62 196
e 21 64 191
e 21 70 197
e 21 75 203
e 21 82 195
e 21 84 203
e 21 89 203
e 21 92 200
e 21 101 200
e 21 102 190
e 21 106 200
e 21 120 204
e 21 121 202
e 21 126 192
e 21 132 198
e 21 133 204
e 21 134 201
e 21 140 196
e 21 142 196
e 21 145 199
e 21 147 200
e 21 150 191
e 21 151 192
e 21 152 196
e 21 155 211
e 21 156 205
e 21 159 196
e 22 31 303
e 22 44 203
e 22 50 209
e 22 54 198
e 22 56 199
e 22 60 212
e 22 66 188
e 22 67 203
e 22 68 208
e 22 87 205
e 22 94 194
e 22 99 198
e 22 100 195
e 22 101 192
e 22 103 199
e 22 104 193
e 22 107 203
e 22 118 190
e 22 123 199
e 22 134 192
e 22 147 202
e 22 150 203
e 22 156 202
e 22 157 200
e 23 26 303
e 23 28 290
e 23 37 309
e 23 44 193
e 23 48 194
e 23 51 201
e 23 64 195
e 23 65 196
e 23 66 197
e 23 68 197
e 23 83 202
e 23 85 197
e 23 90 197
e 23 91 188
e 23 92 190
e 23 106 199
e 23 111 199
e 23 114 201
e 23 121 202
e 23 123 204
e 23 129 196
e 23 130 195
e 23 133 196
e 23 138 191
e 23 139 204
e 23 141 203
e 23 142 203
e 23 143 196
e 23 154 202
e 24 25 296
e 24 32 297
e 24 33 301
e 24 36 302
e 24 37 304
e 24 40 311
e 24 43 201
e 24 45 201
e 24 50 198
e 24 53 203
e 24 56 201
e 24 60 194
e 24 77 201
e 24 81 201
e 24 92 198
e 24 94 199
e 24 102 198
e 24 105 196
e 24 115 196
e 24 128 198
e 24 130 201
e 24 135 202
e 24 143 206
e 24 149 203
e 24 159 194
e 25 30 299
e 25 31 287
e 25 35 295
e 25 37 299
e 25 40 303
e 25 43 201
e 25 45 205
e 25 46 200
e 25 50 203
e 25 65 200
e 25 73 197
e 25 85 210
e 25 87 198
e 25 88 204
e 25 92 202
e 25 95 197
e 25 96 201
e 25 97 193
e 25 102 206
e 25 103 199
e 25 105 195
e 25 112 197
e 25 115 201
e 25 116 205
e 25 119 194
e 25 121 206
e 25 123 195
e 25 127 199
e 25 140 198
e 25 157 196
e 26 28 301
e 26 47 200
e 26 56 195
e 26 57 202
e 26 62 199
e 26 66 197
e 26 73 195
e 26 79 201
e 26 90 203
e 26 92 201
e 26 98 193
e 26 101 197
e 26 104 201
e 26 110 198
e 26 116 197
e 26 121 202
e 26 131 212
e 26 137 194
e 26 152 200
e 26 157 201
e 27 32 306
e 27 40 303
e 27 58 188
e 27 61 203
e 27 72 204
e 27 76 193
e 27 80 199
e 27 85 187
e 27 87 206
e 27 90 197
e 27 94 202
e 27 95 208
e 27 100 198
e 27 102 195
e 27 105 209
e 27 109 204
e 27 111 202
e 27 114 192
e 27 115 202
e 27 116 202
e 27 124 207
e 27 129 200
e 27 134 198
e 27 137 199
e 27 144 198
e 27 146 198
e 27 147 196
e 27 148 202
e 27 151 198
e 27 153 196
e 27 154 200
e 27 160 197
e 28 34 299
e 28 48 198
e 28 50 196
e 28 54 201
e 28 56 202
e 28 58 200
e 28 59 211
e 28 62 206
e 28 63 201
e 28 67 191
e 28 69 199
e 28 72 204
e 28 76 200
e 28 79 194
e 28 88 206
e 28 92 198
e 28 103 195
e 28 109 204
e 28 124 198
e 28 126 202
e 28 128 204
e 28 130 201
e 28 131 202
e 28 133 197
e 28 136 212
e 28 141 202
e 28 151 206
e 28 153 202
e 29 39 300
e 29 45 196
e 29 49 199
e 29 67 195
e 29 77 207
e 29 78 201
e 29 83 206
e 29 86 204
e 29 88 201
e 29 110 199
e 29 111 207
e 29 126 199
e 29 127 199
e 29 131 199
e 29 137 200
e 29 138 198
e 29 143 205
e 29 152 198
e 29 160 204
e 30 31 297
e 30 34 303
e 30 36 287
e 30 41 202
e 30 46 197
e 30 52 198
e 30 54 204
e 30 62 203
e 30 79 194
e 30 86 205
e 30 90 197
e 30 91 203
e 30 107 200
e 30 108 198
e 30 111 195
e 30 112 198
e 30 116 195
e 30 124 197
e 30 125 201
e 30 132 195
e 30 133 205
e 30 135 204
e 30 138 200
e 30 141 188
e 30 145 199
e 30 153 197
e 30 157 200
e 30 160 199
e 31 33 303
e 31 36 301
e 31 47 216
e 31 54 208
e 31 57 206
e 31 59 192
e 31 63 201
e 31 68 198
e 31 69 200
e 31 73 192
e 31 86 203
e 31 91 202
e 31 100 204
e 31 109 195
e 31 115 201
e 31 117 195
e 31 118 200
e 31 130 207
e 31 141 189
e 31 144 202
e 31 147 205
e 31 150 196
e 31 159 208
e 32 36 297
e 32 40 287
e 32 46 198
e 32 47 200
e 32 54 201
e 32 55 206
e 32 58 204
e 32 60 198
e 32 63 195
e 32 65 196
e 32 67 204
e 32 69 194
e 32 72 200
e 32 76 198
e 32 85 201
e 32 86 200
e 32 93 195
e 32 98 202
e 32 102 197
e 32 103 190
e 32 106 194
e 32 116 201
e 32 117 198
e 32 123 204
e 32 124 206
e 32 131 200
e 32 138 193
e 32 147 189
e 33 34 303
e 33 38 303
e 33 41 197
e 33 45 199
e 33 48 204
e 33 68 202
e 33 79 205
e 33 81 201
e 33 97 210
e 33 102 193
e 33 117 200
e 33 146 213
e 33 153 193
e 33 159 197
e 33 160 206
e 34 36 302
e 34 40 301
e 34 41 196
e 34 52 198
e 34 54 193
e 34 61 194
e 34 62 197
e 34 67 199
e 34 69 197
e 34 79 209
e 34 88 193
e 34 89 196
e 34 91 189
e 34 95 203
e 34 97 209
e 34 105 204
e 34 110 198
e 34 116 209
e 34 127 195
e 34 133 197
e 34 134 207
e 34 143 204
e 34 157 191
e 34 160 200
e 35 50 205
e 35 74 190
e 35 87 200
e 35 90 201
e 35 98 205
e 35 112 203
e 35 114 199
e 35 117 203
e 35 123 204
e 35 144 204
e 36 49 205
e 36 61 202
e 36 62 209
e 36 64 202
e 36 67 201
e 36 70 196
e 36 72 199
e 36 75 209
e 36 82 195
e 36 84 200
e 36 87 207
e 36 93 195
e 36 94 197
e 36 98 193
e 36 107 195
e 36 121 194
e 36 129 194
e 36 131 192
e 36 149 208
e 36 155 203
e 36 156 203
e 37 45 200
e 37 47 203
e 37 53 201
e 37 59 198
e 37 60 197
e 37 69 193
e 37 74 208
e 37 76 204
e 37 83 195
e 37 89 201
e 37 93 198
e 37 106 188
e 37 110 190
e 37 112 196
e 37 115 198
e 37 121 195
e 37 133 195
e 37 140 202
e 37 151 201
e 37 153 200
e 38 42 204
e 38 48 201
e 38 53 201
e 38 54 185
e 38 61 206
e 38 62 198
e 38 67 192
e 38 72 195
e 38 76 211
e 38 78 193
e 38 79 201
e 38 83 202
e 38 101 198
e 38 104 200
e 38 105 199
e 38 113 192
e 38 126 206
e 38 127 199
e 38 129 200
e 38 134 207
e 38 137 205
e 38 142 194
e 38 144 191
e 38 158 198
e 39 44 193
e 39 46 195
e 39 50 201
e 39 52 192
e 39 55 204
e 39 56 208
e 39 62 199
e 39 68 200
e 39 77 197
e 39 79 201
e 39 86 197
e 39 98 199
e 39 105 199
e 39 115 192
e 39 118 195
e 39 122 207
e 39 126 205
e 39 129 199
e 39 131 200
e 39 140 197
e 39 147 201
e 39 157 198
e 40 41 209
e 40 45 204
e 40 56 201
e 40 81 204
e 40 90 191
e 40 93 206
e 40 99 207
e 40 100 203
e 40 122 199
e 40 127 198
e 40 133 196
e 40 145 198
e 40 148 202
e 40 152 203
e 40 153 205
e 40 156 200
e 41 48 97
e 41 70 92
e 41 73 105
e 41 75 89
e 41 81 100
e 41 84 104
e 41 87 101
e 41 89 105
e 41 101 98
e 41 102 100
e 41 112 96
e 41 116 101
e 41 123 94
e 41 124 94
e 41 131 99
e 41 132 92
e 41 141 93
e 41 143 105
e 41 149 97
e 42 43 98
e 42 44 102
e 42 48 95
e 42 54 108
e 42 60 108
e 42 65 103
e 42 67 94
e 42 70 107
e 42 79 109
e 42 82 99
e 42 84 101
e 42 86 110
e 42 89 98
e 42 102 104
e 42 104 102
e 42 115 103
e 42 116 103
e 42 117 96
e 42 126 99
e 42 130 96
e 42 133 93
e 42 137 95
e 42 138 102
e 42 140 99
e 42 157 94
e 43 48 107
e 43 50 107
e 43 52 91
e 43 59 104
e 43 66 96
e 43 75 102
e 43 79 91
e 43 80 104
e 43 85 106
e 43 96 113
e 43 99 93
e 43 101 99
e 43 103 102
e 43 114 103
e 43 116 102
e 43 119 103
e 43 121 94
e 43 143 97
e 43 150 100
e 43 152 107
e 43 154 108
e 43 157 106
e 44 49 100
e 44 53 102
e 44 55 100
e 44 56 98
e 44 60 91
e 44 61 98
e 44 64 99
e 44 68 95
e 44 70 99
e 44 79 100
e 44 80 97
e 44 84 105
e 44 87 93
e 44 91 91
e 44 102 107
e 44 104 100
e 44 105 91
e 44 119 96
e 44 126 104
e 44 129 88
e 44 131 94
e 44 132 94
e 44 138 93
e 44 140 91
e 44 149 98
e 44 159 97
e 44 160 93
e 45 47 99
e 45 52 101
e 45 60 100
e 45 70 103
e 45 73 101
e 45 74 94
e 45 79 108
e 45 80 100
e 45 82 94
e 45 87 94
e 45 89 98
e 45 97 99
e 45 99 101
e 45 101 100
e 45 105 100
e 45 108 88
e 45 116 96
e 45 119 94
e 45 121 102
e 45 127 91
e 45 129 100
e 45 130 92
e 45 141 97
e 45 147 101
e 45 160 100
e 46 53 107
e 46 57 100
e 46 70 101
e 46 73 94
e 46 76 94
e 46 81 102
e 46 85 93
e 46 90 95
e 46 95 110
e 46 97 101
e 46 106 101
e 46 107 95
e 46 114 95
e 46 117 82
e 46 118 100
e 46 121 103
e 46 123 99
e 46 127 104
e 46 131 100
e 46 135 100
e 46 140 99
e 46 148 99
e 46 149 105
e 46 156 103
e 46 158 99
e 47 48 98
e 47 53 100
e 47 61 95
e 47 72 96
e 47 73 95
e 47 80 106
e 47 81 90
e 47 84 111
e 47 92 98
e 47 94 94
e 47 97 101
e 47 101 104
e 47 102 104
e 47 104 102
e 47 106 97
e 47 112 107
e 47 122 89
e 47 125 101
e 47 129 95
e 47 130 106
e 47 138 94
e 47 139 103
e 47 152 93
e 48 57 97
e 48 65 107
e 48 66 105
e 48 79 99
e 48 86 99
e 48 89 108
e 48 97 94
e 48 102 101
e 48 103 93
e 48 109 94
e 48 119 101
e 48 121 98
e 48 130 101
e 48 132 102
e 48 137 99
e 48 143 95
e 48 146 99
e 48 148 99
e 48 150 97
e 48 158 102
e 49 60 104
e 49 66 87
e 49 75 96
e 49 80 103
e 49 85 99
e 49 86 99
e 49 87 97
e 49 88 99
e 49 89 95
e 49 91 103
e 49 96 99
e 49 108 102
e 49 109 94
e 49 129 92
e 49 130 100
e 49 133 103
e 49 148 99
e 49 150 100
e 49 156 101
e 50 63 96
e 50 70 100
e 50 71 91
e 50 73 95
e 50 74 97
e 50 75 99
e 50 76 102
e 50 78 97
e 50 79 105
e 50 88 101
e 50 101 103
e 50 104 106
e 50 105 93
e 50 110 92
e 50 111 108
e 50 118 110
e 50 119 97
e 50 123 99
e 50 129 102
e 50 130 95
e 50 135 98
e 50 136 98
e 50 142 92
e 50 146 99
e 50 149 98
e 50 151 93
e 50 157 93
e 51 52 96
e 51 58 105
e 51 60 105
e 51 62 101
e 51 67 104
e 51 70 98
e 51 79 98
e 51 85 97
e 51 88 94
e 51 90 104
e 51 92 104
e 51 120 104
e 51 127 96
e 51 129 91
e 51 133 107
e 51 136 95
e 51 137 102
e 51 140 106
e 51 144 101
e 51 149 91
e 51 158 104
e 51 160 99
e 52 54 98
e 52 63 107
e 52 76 94
e 52 82 94
e 52 85 100
e 52 91 102
e 52 99 94
e 52 101 102
e 52 111 101
e 52 113 95
e 52 119 99
e 52 129 100
e 52 133 92
e 52 143 99
e 52 148 97
e 52 151 107
e 53 55 97
e 53 56 104
e 53 61 98
e 53 68 106
e 53 75 103
e 53 82 101
e 53 90 96
e 53 93 104
e 53 102 99
e 53 104 103
e 53 115 85
e 53 117 96
e 53 126 96
e 53 131 101
e 53 133 104
e 53 144 106
e 53 152 97
e 53 159 102
e 54 61 110
e 54 62 101
e 54 76 98
e 54 77 96
e 54 79 102
e 54 80 102
e 54 85 91
e 54 90 102
e 54 103 94
e 54 110 103
e 54 115 90
e 54 119 97
e 54 129 102
e 54 146 100
e 54 148 94
e 54 153 94
e 54 154 103
e 54 156 97
e 54 158 102
e 55 56 101
e 55 62 96
e 55 67 105
e 55 78 99
e 55 79 101
e 55 84 98
e 55 85 98
e 55 91 108
e 55 112 101
e 55 122 103
e 55 125 98
e 55 126 107
e 55 128 106
e 55 129 96
e 55 130 99
e 55 133 104
e 55 144 101
e 55 145 100
e 55 147 107
e 55 148 106
e 55 149 105
e 55 153 98
e 55 155 101
e 55 157 109
e 55 160 96
e 56 59 92
e 56 67 104
e 56 68 91
e 56 78 106
e 56 84 93
e 56 101 97
e 56 103 94
e 56 109 104
e 56 113 92
e 56 114 96
e 56 116 100
e 56 118 100
e 56 123 107
e 56 126 107
e 56 130 103
e 56 133 88
e 56 139 94
e 56 141 105
e 56 142 103
e 56 146 103
e 56 152 100
e 56 154 102
e 56 156 95
e 57 58 95
e 57 71 105
e 57 74 106
e 57 77 99
e 57 81 99
e 57 86 105
e 57 87 90
e 57 88 100
e 57 92 100
e 57 95 99
e 57 96 102
e 57 98 103
e 57 105 105
e 57 114 89
e 57 122 98
e 57 126 96
e 57 130 102
e 57 134 98
e 57 136 101
e 57 137 98
e 57 138 113
e 57 140 103
e 57 144 96
e 57 152 97
e 57 155 103
e 57 158 101
e 57 160 97
e 58 59 88
e 58 60 106
e 58 61 102
e 58 67 100
e 58 69 102
e 58 70 94
e 58 76 107
e 58 83 91
e 58 90 100
e 58 94 94
e 58 96 102
e 58 110 96
e 58 111 94
e 58 116 98
e 58 118 102
e 58 124 99
e 58 131 94
e 58 144 98
e 58 145 101
e 58 147 104
e 58 148 92
e 58 149 98
e 58 157 94
e 59 60 104
e 59 61 109
e 59 66 92
e 59 69 104
e 59 72 110
e 59 73 93
e 59 74 97
e 59 75 96
e 59 85 104
e 59 87 105
e 59 88 92
e 59 91 92
e 59 95 100
e 59 102 101
e 59 104 96
e 59 112 100
e 59 117 96
e 59 121 108
e 59 125 113
e 59 126 98
e 59 130 89
e 59 138 107
e 59 139 99
e 59 141 102
e 59 148 100
e 59 149 89
e 59 152 98
e 59 155 103
e 60 61 104
e 60 63 96
e 60 65 100
e 60 75 100
e 60 80 97
e 60 82 100
e 60 112 101
e 60 116 99
e 60 121 105
e 60 124 101
e 61 68 100
e 61 76 97
e 61 77 103
e 61 88 104
e 61 90 108
e 61 113 100
e 61 124 96
e 61 125 96
e 61 132 96
e 61 143 97
e 61 145 100
e 61 147 95
e 61 149 92
e 61 154 100
e 61 156 102
e 61 160 100
e 62 64 89
e 62 72 93
e 62 73 94
e 62 74 96
e 62 77 99
e 62 83 99
e 62 86 93
e 62 87 101
e 62 97 100
e 62 108 102
e 62 111 99
e 62 121 108
e 62 125 106
e 62 130 94
e 62 138 93
e 62 140 98
e 62 146 99
e 63 64 99
e 63 66 97
e 63 68 103
e 63 73 104
e 63 80 98
e 63 81 101
e 63 84 104
e 63 95 107
e 63 101 107
e 63 110 107
e 63 113 95
e 63 116 98
e 63 119 98
e 63 120 99
e 63 122 96
e 63 126 104
e 63 132 97
e 63 133 98
e 63 142 104
e 63 145 93
e 63 148 92
e 63 151 91
e 63 158 98
e 63 159 108
e 64 67 97
e 64 70 98
e 64 74 89
e 64 79 94
e 64 83 100
e 64 92 100
e 64 93 109
e 64 96 96
e 64 117 97
e 64 118 97
e 64 119 100
e 64 127 106
e 64 142 101
e 64 159 93
e 64 160 103
e 65 66 96
e 65 70 97
e 65 80 109
e 65 82 103
e 65 87 101
e 65 91 105
e 65 101 95
e 65 108 99
e 65 110 95
e 65 113 102
e 65 115 94
e 65 127 100
e 65 128 105
e 65 134 91
e 65 135 112
e 65 139 99
e 65 145 87
e 65 155 100
e 65 160 108
e 66 70 97
e 66 71 98
e 66 73 100
e 66 74 93
e 66 75 100
e 66 85 109
e 66 92 105
e 66 102 97
e 66 109 101
e 66 124 100
e 66 128 90
e 66 130 110
e 66 137 100
e 66 142 97
e 66 150 94
e 66 153 91
e 66 154 101
e 66 158 106
e 66 160 100
e 67 72 95
e 67 73 98
e 67 78 90
e 67 88 99
e 67 90 101
e 67 99 107
e 67 111 100
e 67 119 94
e 67 126 93
e 67 130 109
e 67 133 93
e 67 134 95
e 67 137 106
e 67 142 97
e 67 144 99
e 67 146 101
e 67 151 98
e 67 156 102
e 67 158 106
e 67 160 98
e 68 82 106
e 68 84 109
e 68 85 100
e 68 86 106
e 68 91 102
e 68 96 95
e 68 100 106
e 68 101 102
e 68 105 103
e 68 106 107
e 68 114 98
e 68 122 106
e 68 134 95
e 68 138 92
e 68 145 94
e 68 153 99
e 68 158 98
e 69 70 103
e 69 80 102
e 69 97 91
e 69 98 95
e 69 112 102
e 69 122 100
e 69 123 105
e 69 133 94
e 69 135 100
e 69 144 101
e 69 146 94
e 69 150 94
e 69 151 102
e 69 155 96
e 69 159 93
e 70 72 92
e 70 77 104
e 70 90 107
e 70 92 97
e 70 96 90
e 70 103 104
e 70 104 101
e 70 108 101
e 70 109 104
e 70 116 102
e 70 124 106
e 70 125 99
e 70 138 101
e 70 148 103
e 70 151 98
e 70 159 103
e 71 72 104
e 71 74 93
e 71 76 101
e 71 78 104
e 71 81 106
e 71 82 107
e 71 85 96
e 71 86 103
e 71 87 93
e 71 88 104
e 71 89 97
e 71 94 103
e 71 98 97
e 71 103 100
e 71 105 91
e 71 107 102
e 71 110 92
e 71 117 86
e 71 121 99
e 71 132 102
e 71 140 92
e 71 147 95
e 71 151 97
e 71 153 100
e 71 155 107
e 72 75 93
e 72 77 102
e 72 80 93
e 72 84 105
e 72 86 104
e 72 91 98
e 72 97 108
e 72 98 95
e 72 99 106
e 72 109 104
e 72 113 90
e 72 118 98
e 72 119 98
e 72 126 85
e 72 128 97
e 72 129 100
e 72 133 96
e 72 135 106
e 72 137 103
e 72 142 103
e 72 145 95
e 72 147 103
e 72 153 102
e 73 74 103
e 73 77 100
e 73 78 92
e 73 80 111
e 73 88 100
e 73 96 102
e 73 100 107
e 73 101 104
e 73 106 108
e 73 108 90
e 73 113 99
e 73 115 99
e 73 116 101
e 73 128 96
e 73 130 94
e 73 137 97
e 73 142 109
e 73 157 102
e 74 75 98
e 74 79 104
e 74 82 98
e 74 86 104
e 74 96 95
e 74 103 107
e 74 104 107
e 74 111 102
e 74 113 97
e 74 114 91
e 74 119 98
e 74 121 103
e 74 123 98
e 74 125 104
e 74 129 97
e 74 131 103
e 74 137 98
e 74 145 95
e 74 153 101
e 74 157 97
e 75 81 99
e 75 82 90
e 75 83 112
e 75 89 108
e 75 92 99
e 75 104 99
e 75 111 88
e 75 115 92
e 75 125 105
e 75 128 102
e 75 129 96
e 75 131 104
e 75 133 99
e 75 137 108
e 75 140 104
e 75 141 109
e 75 144 93
e 75 146 102
e 75 158 93
e 75 159 105
e 75 160 96
e 76 87 93
e 76 97 99
e 76 98 105
e 76 100 105
e 76 102 108
e 76 109 105
e 76 110 103
e 76 111 102
e 76 114 109
e 76 116 102
e 76 117 91
e 76 120 88
e 76 124 101
e 76 125 100
e 76 127 106
e 76 131 101
e 76 139 105
e 76 140 95
e 76 149 95
e 77 82 103
e 77 83 103
e 77 91 98
e 77 98 95
e 77 99 99
e 77 109 100
e 77 114 97
e 77 135 97
e 77 137 99
e 77 146 97
e 77 148 101
e 77 154 93
e 78 86 93
e 78 94 97
e 78 96 93
e 78 97 102
e 78 98 106
e 78 101 100
e 78 105 100
e 78 106 106
e 78 112 103
e 78 118 98
e 78 124 101
e 78 126 87
e 78 128 102
e 78 131 104
e 78 137 95
e 78 157 94
e 78 158 98
e 79 82 101
e 79 83 89
e 79 87 96
e 79 96 98
e 79 101 104
e 79 106 89
e 79 107 103
e 79 112 96
e 79 114 98
e 79 124 96
e 79 126 92
e 79 130 107
e 79 131 91
e 79 153 99
e 79 156 97
e 80 81 98
e 80 83 100
e 80 85 98
e 80 89 95
e 80 92 103
e 80 93 99
e 80 101 112
e 80 102 104
e 80 113 99
e 80 115 98
e 80 122 94
e 80 124 109
e 80 127 97
e 80 128 101
e 80 130 106
e 80 132 103
e 80 136 93
e 80 138 107
e 80 143 102
e 80 157 93
e 80 159 106
e 81 88 95
e 81 89 101
e 81 91 109
e 81 93 97
e 81 98 100
e 81 99 96
e 81 100 96
e 81 101 98
e 81 113 99
e 81 117 99
e 81 129 103
e 81 130 103
e 81 139 103
e 81 157 97
e 82 84 105
e 82 86 94
e 82 87 98
e 82 95 100
e 82 96 91
e 82 98 103
e 82 104 102
e 82 107 113
e 82 116 103
e 82 119 94
e 82 122 99
e 82 123 103
e 82 127 97
e 82 133 96
e 82 134 100
e 82 140 101
e 82 147 93
e 82 154 100
e 82 155 93
e 83 86 106
e 83 94 104
e 83 98 95
e 83 99 101
e 83 109 97
e 83 112 106
e 83 113 101
e 83 120 97
e 83 121 99
e 83 122 96
e 83 128 105
e 83 143 106
e 83 147 95
e 83 149 103
e 83 150 91
e 83 157 99
e 83 159 95
e 84 85 101
e 84 91 109
e 84 93 95
e 84 94 100
e 84 97 92
e 84 112 94
e 84 117 99
e 84 119 97
e 84 120 97
e 84 123 90
e 84 127 103
e 84 128 100
e 84 136 101
e 84 142 108
e 84 150 104
e 84 155 101
e 85 91 100
e 85 92 103
e 85 98 98
e 85 103 98
e 85 104 102
e 85 106 89
e 85 112 99
e 85 114 104
e 85 119 88
e 85 130 103
e 85 134 101
e 85 137 98
e 85 140 99
e 85 149 96
e 85 152 93
e 86 91 101
e 86 95 99
e 86 105 96
e 86 116 101
e 86 119 105
e 86 120 105
e 86 121 97
e 86 123 91
e 86 133 101
e 86 141 108
e 86 144 106
e 86 146 108
e 86 147 101
e 86 151 98
e 86 154 108
e 86 155 102
e 86 157 92
e 86 159 98
e 87 90 102
e 87 96 102
e 87 98 101
e 87 102 101
e 87 110 90
e 87 115 110
e 87 125 92
e 87 131 103
e 87 139 106
e 87 145 91
e 87 147 103
e 87 153 104
e 87 158 100
e 88 89 110
e 88 91 95
e 88 92 103
e 88 97 97
e 88 103 96
e 88 104 105
e 88 109 100
e 88 112 100
e 88 116 95
e 88 118 89
e 88 122 99
e 88 123 103
e 88 134 100
e 88 138 97
e 88 141 94
e 88 142 102
e 88 144 96
e 88 154 88
e 89 91 94
e 89 94 100
e 89 111 92
e 89 115 109
e 89 118 98
e 89 119 96
e 89 124 102
e 89 134 100
e 89 135 95
e 89 140 109
e 89 152 101
e 89 154 97
e 89 158 88
e 90 91 105
e 90 97 98
e 90 99 99
e 90 100 101
e 90 107 96
e 90 111 101
e 90 113 92
e 90 114 95
e 90 124 95
e 90 125 96
e 90 139 105
e 90 140 105
e 90 144 103
e 90 147 100
e 90 153 102
e 90 155 111
e 91 93 94
e 91 95 90
e 91 96 95
e 91 101 94
e 91 103 101
e 91 105 96
e 91 112 92
e 91 123 96
e 91 131 100
e 91 143 97
e 91 153 107
e 91 158 107
e 92 93 100
e 92 96 99
e 92 107 101
e 92 118 101
e 92 122 94
e 92 135 101
e 92 138 104
e 92 140 105
e 92 148 101
e 93 97 99
e 93 101 94
e 93 105 105
e 93 117 101
e 93 118 95
e 93 122 101
e 93 127 100
e 93 130 95
e 93 133 100
e 93 135 93
e 93 140 104
e 93 141 93
e 93 142 101
e 93 143 86
e 93 147 108
e 93 149 97
e 93 150 86
e 94 98 108
e 94 107 100
e 94 112 105
e 94 118 99
e 94 127 100
e 94 132 108
e 94 133 98
e 94 136 91
e 94 137 99
e 94 138 98
e 94 142 102
e 94 153 95
e 94 155 96
e 94 157 102
e 94 158 101
e 94 159 98
e 95 97 95
e 95 98 98
e 95 108 94
e 95 118 100
e 95 127 101
e 95 129 96
e 95 140 99
e 95 141 108
e 95 142 95
e 95 148 99
e 95 150 97
e 95 153 104
e 95 158 97
e 96 98 102
e 96 100 101
e 96 103 104
e 96 106 95
e 96 110 98
e 96 132 104
e 96 136 102
e 96 140 108
e 96 142 95
e 96 145 100
e 96 147 97
e 96 149 102
e 96 156 91
e 96 160 104
e 97 110 94
e 97 111 92
e 97 112 97
e 97 113 99
e 97 117 94
e 97 125 96
e 97 137 98
e 97 139 103
e 97 140 103
e 97 142 108
e 97 146 104
e 97 149 106
e 97 153 97
e 97 158 101
e 97 159 104
e 98 102 110
e 98 103 101
e 98 113 101
e 98 119 102
e 98 123 104
e 98 124 97
e 98 128 89
e 98 137 101
e 98 143 99
e 98 147 94
e 98 148 87
e 98 149 100
e 99 100 98
e 99 110 105
e 99 112 104
e 99 116 99
e 99 122 96
e 99 123 91
e 99 124 98
e 99 129 99
e 99 135 95
e 99 145 101
e 99 146 94
e 99 154 98
e 99 157 100
e 100 103 98
e 100 106 94
e 100 107 106
e 100 119 97
e 100 125 92
e 100 128 97
e 100 133 92
e 100 135 96
e 100 139 92
e 100 142 93
e 100 143 96
e 100 147 97
e 100 152 95
e 100 158 92
e 101 104 103
e 101 112 90
e 101 115 97
e 101 128 106
e 101 129 104
e 101 131 98
e 101 136 102
e 101 143 102
e 101 147 100
e 101 150 95
e 101 152 99
e 101 154 94
e 101 155 96
e 101 159 104
e 102 105 110
e 102 108 97
e 102 109 97
e 102 110 106
e 102 112 103
e 102 121 89
e 102 123 102
e 102 127 104
e 102 130 94
e 102 131 99
e 102 138 103
e 102 139 93
e 102 143 103
e 102 150 92
e 102 159 103
e 103 106 105
e 103 114 105
e 103 131 102
e 103 136 109
e 103 146 97
e 103 152 105
e 103 155 97
e 103 160 98
e 104 109 96
e 104 111 102
e 104 116 100
e 104 123 94
e 104 129 98
e 104 130 89
e 104 133 97
e 104 135 107
e 104 136 104
e 104 147 100
e 104 155 95
e 105 121 106
e 105 122 93
e 105 139 99
e 105 145 98
e 106 108 98
e 106 125 102
e 106 129 93
e 106 133 99
e 106 144 106
e 106 147 107
e 106 150 92
e 106 158 98
e 107 115 102
e 107 116 94
e 107 123 94
e 107 127 104
e 107 128 107
e 107 137 96
e 107 140 104
e 107 141 100
e 107 148 90
e 107 157 101
e 108 122 103
e 108 124 95
e 108 128 109
e 108 134 103
e 108 139 112
e 108 142 96
e 108 149 99
e 108 157 104
e 109 111 108
e 109 114 98
e 109 115 103
e 109 116 97
e 109 122 101
e 109 124 96
e 109 128 98
e 109 132 109
e 109 134 99
e 109 136 100
e 109 160 102
e 110 112 98
e 110 126 106
e 110 127 93
e 110 129 96
e 110 133 103
e 110 141 101
e 110 148 95
e 110 153 108
e 111 117 89
e 111 122 98
e 111 124 105
e 111 125 97
e 111 128 101
e 111 130 97
e 111 132 105
e 111 136 102
e 111 147 92
e 111 149 90
e 111 151 95
e 112 113 102
e 112 120 101
e 112 137 92
e 112 139 98
e 112 145 94
e 112 147 93
e 112 154 101
e 112 156 103
e 112 160 105
e 113 121 98
e 113 128 102
e 113 129 102
e 113 132 97
e 113 133 100
e 113 138 101
e 113 139 95
e 113 145 105
e 113 146 93
e 113 147 107
e 113 154 104
e 113 159 92
e 114 115 98
e 114 121 94
e 114 131 93
e 114 136 102
e 114 149 99
e 114 155 107
e 115 116 88
e 115 120 98
e 115 123 107
e 115 125 105
e 115 126 92
e 115 127 96
e 115 132 97
e 115 135 99
e 115 136 104
e 115 137 92
e 115 141 92
e 115 143 97
e 115 150 93
e 116 119 101
e 116 120 102
e 116 126 94
e 116 127 110
e 116 145 113
e 116 149 96
e 116 150 95
e 116 155 97
e 116 160 97
e 117 128 104
e 117 129 92
e 117 130 102
e 117 132 101
e 117 140 94
e 117 147 100
e 117 148 100
e 117 149 100
e 117 153 107
e 117 155 93
e 118 121 99
e 118 127 100
e 118 131 97
e 118 132 98
e 118 133 100
e 118 136 94
e 118 150 105
e 118 151 101
e 118 152 97
e 118 158 95
e 118 160 102
e 119 124 87
e 119 134 104
e 119 143 103
e 119 146 98
e 119 151 99
e 119 153 99
e 119 156 89
e 119 158 102
e 119 159 104
e 120 121 100
e 120 125 111
e 120 127 98
e 120 128 96
e 120 131 100
e 120 139 100
e 120 140 96
e 120 142 98
e 120 143 95
e 120 145 101
e 121 128 98
e 121 139 101
e 121 140 99
e 121 148 92
e 122 123 103
e 122 134 90
e 122 136 100
e 122 141 104
e 122 145 103
e 122 146 95
e 122 149 97
e 122 150 100
e 122 151 98
e 122 159 108
e 123 124 101
e 123 125 100
e 123 131 104
e 123 150 97
e 124 126 103
e 124 127 106
e 124 129 91
e 124 139 111
e 124 140 95
e 124 141 108
e 124 146 99
e 124 149 103
e 124 152 96
e 124 156 106
e 125 127 98
e 125 129 107
e 125 132 100
e 125 134 95
e 125 151 106
e 125 154 102
e 126 135 96
e 126 138 102
e 126 143 94
e 126 145 105
e 126 152 98
e 126 155 102
e 126 159 104
e 126 160 103
e 127 130 98
e 127 132 100
e 127 139 103
e 127 151 92
e 127 152 102
e 128 130 98
e 128 135 89
e 128 138 100
e 128 144 96
e 128 147 99
e 128 156 95
e 128 159 107
e 129 133 99
e 129 134 103
e 129 138 103
e 129 145 95
e 130 131 106
e 130 132 108
e 130 134 96
e 130 137 104
e 130 143 98
e 130 145 97
e 130 155 109
e 130 157 102
e 131 141 102
e 131 142 97
e 131 145 107
e 131 148 87
e 131 150 101
e 131 151 97
e 131 154 101
e 131 156 97
e 131 157 90
e 131 158 92
e 132 135 97
e 132 137 98
e 132 142 94
e 132 143 96
e 132 146 93
e 132 148 95
e 132 150 91
e 132 152 99
e 132 156 109
e 133 134 97
e 133 140 97
e 133 144 106
e 133 155 88
e 133 156 106
e 133 159 93
e 133 160 95
e 134 137 99
e 134 144 105
e 134 152 103
e 134 153 100
e 134 158 101
e 134 159 96
e 135 137 88
e 135 146 107
e 135 150 99
e 135 160 100
e 136 140 102
e 136 146 97
e 136 148 101
e 137 143 106
e 137 147 99
e 137 155 106
e 138 140 93
e 138 148 93
e 138 150 98
e 138 159 104
e 139 142 101
e 139 157 98
e 139 159 105
e 140 150 92
e 140 151 94
e 140 155 103
e 140 158 94
e 141 142 91
e 141 145 108
e 141 151 111
e 141 153 101
e 141 156 98
e 141 157 102
e 142 144 104
e 142 147 105
e 142 152 104
e 142 153 97
e 142 156 110
e 143 145 100
e 143 146 96
e 143 153 104
e 143 155 100
e 143 158 98
e 143 160 93
e 144 149 101
e 145 148 97
e 145 150 100
e 145 152 95
e 145 156 98
e 146 156 106
e 146 158 103
e 146 160 99
e 147 149 106
e 147 155 91
e 147 156 98
e 147 157 97
e 148 151 109
e 148 154 99
e 148 160 101
e 149 151 97
e 149 158 95
e 149 159 95
e 150 152 107
e 150 155 97
e 150 160 105
e 151 157 98
e 152 156 94
e 152 159 93
e 153 160 92
e 154 156 97
e 154 160 94
e 155 156 103
e 155 160 98
e 156 160 106