DIMACS2
24 1
 2
 3
 4
 5
 6
 7
 8
 9
 10
 11
 12
 13
 14
 15 16
 17
 18
 19
 20
 21
 22
 23
 24

p edge 160 2544
e 1 3 300
e 1 7 298
e 1 13 300
e 1 15 304
e 1 20 292
e 1 26 198
e 1 30 200
e 1 31 197
e 1 35 196
e 1 37 196
e 1 47 201
e 1 48 202
e 1 53 202
e 1 54 195
e 1 55 190
e 1 57 196
e 1 60 205
e 1 63 194
e 1 65 210
e 1 66 205
e 1 68 202
e 1 71 194
e 1 72 200
e 1 76 196
e 1 83 191
e 1 84 202
e 1 87 190
e 1 92 203
e 1 97 195
e 1 108 199
e 1 110 208
e 1 113 196
e 1 117 196
e 1 118 194
e 1 121 203
e 1 127 200
e 1 130 198
e 1 136 199
e 1 137 210
e 1 139 196
e 1 142 204
e 1 143 201
e 1 150 202
e 1 154 203
e 1 155 204
e 1 156 201
e 2 4 303
e 2 7 299
e 2 10 309
e 2 22 299
e 2 27 198
e 2 31 211
e 2 32 202
e 2 35 189
e 2 46 200
e 2 55 202
e 2 61 199
e 2 70 201
e 2 73 199
e 2 76 202
e 2 85 200
e 2 87 199
e 2 90 193
e 2 96 202
e 2 97 193
e 2 100 197
e 2 111 199
e 2 131 201
e 2 140 207
e 2 141 197
e 2 143 207
e 2 144 196
e 2 149 194
e 2 153 205
e 2 154 201
e 2 157 199
e 3 4 296
e 3 11 297
e 3 15 299
e 3 16 297
e 3 19 294
e 3 26 203
e 3 41 197
e 3 45 198
e 3 47 193
e 3 59 193
e 3 60 196
e 3 67 199
e 3 69 203
e 3 78 208
e 3 79 196
e 3 82 204
e 3 86 208
e 3 90 194
e 3 94 201
e 3 95 204
e 3 98 203
e 3 99 200
e 3 104 194
e 3 111 200
e 3 113 204
e 3 116 196
e 3 117 200
e 3 120 196
e 3 123 207
e 3 133 196
e 3 158 207
e 4 22 292
e 4 38 210
e 4 44 213
e 4 57 200
e 4 63 194
e 4 77 203
e 4 80 200
e 4 82 197
e 4 88 202
e 4 94 196
e 4 97 194
e 4 98 200
e 4 100 195
e 4 105 212
e 4 113 192
e 4 148 200
e 4 150 204
e 4 153 201
e 5 8 304
e 5 11 297
e 5 17 296
e 5 21 294
e 5 22 300
e 5 28 209
e 5 36 192
e 5 37 199
e 5 44 201
e 5 56 196
e 5 58 194
e 5 64 208
e 5 65 202
e 5 68 200
e 5 71 195
e 5 78 204
e 5 80 204
e 5 86 203
e 5 89 194
e 5 106 189
e 5 114 204
e 5 126 202
e 5 133 202
e 5 136 192
e 5 148 196
e 5 151 199
e 5 152 201
e 5 153 195
e 5 155 203
e 6 8 290
e 6 9 305
e 6 12 295
e 6 15 300
e 6 17 293
e 6 21 304
e 6 30 208
e 6 35 204
e 6 42 192
e 6 48 192
e 6 49 201
e 6 50 206
e 6 53 202
e 6 61 199
e 6 62 200
e 6 68 198
e 6 71 202
e 6 73 201
e 6 78 202
e 6 80 190
e 6 97 204
e 6 105 204
e 6 107 203
e 6 113 205
e 6 119 200
e 6 121 205
e 6 133 206
e 6 134 207
e 6 146 193
e 6 151 196
e 7 10 298
e 7 12 298
e 7 13 301
e 7 16 303
e 7 18 301
e 7 36 199
e 7 48 202
e 7 53 190
e 7 55 202
e 7 66 201
e 7 67 200
e 7 72 207
e 7 83 196
e 7 100 210
e 7 106 199
e 7 107 204
e 7 115 193
e 7 116 199
e 7 117 205
e 7 119 196
e 7 128 192
e 7 135 206
e 7 138 204
e 7 139 203
e 7 150 195
e 7 154 202
e 8 17 310
e 8 22 298
e 8 29 208
e 8 38 195
e 8 39 200
e 8 41 199
e 8 44 191
e 8 47 192
e 8 54 202
e 8 61 201
e 8 66 194
e 8 76 195
e 8 78 206
e 8 81 200
e 8 83 202
e 8 96 194
e 8 97 193
e 8 101 204
e 8 104 208
e 8 106 187
e 8 108 199
e 8 116 195
e 8 123 208
e 8 128 198
e 8 129 206
e 8 136 189
e 8 146 203
e 8 154 208
e 8 158 197
e 9 13 305
e 9 15 305
e 9 25 202
e 9 28 193
e 9 34 195
e 9 37 207
e 9 38 200
e 9 40 189
e 9 43 201
e 9 50 203
e 9 53 203
e 9 55 200
e 9 71 203
e 9 83 205
e 9 87 199
e 9 88 195
e 9 93 199
e 9 96 199
e 9 99 197
e 9 100 206
e 9 106 200
e 9 115 196
e 9 116 199
e 9 124 197
e 9 129 203
e 9 131 206
e 9 134 195
e 9 138 201
e 9 140 195
e 9 149 191
e 9 153 206
e 9 155 198
e 9 157 197
e 9 158 199
e 10 16 308
e 10 20 301
e 10 28 192
e 10 29 198
e 10 45 201
e 10 49 201
e 10 54 192
e 10 59 209
e 10 62 197
e 10 65 202
e 10 70 203
e 10 71 199
e 10 72 197
e 10 80 204
e 10 88 214
e 10 93 193
e 10 95 195
e 10 96 202
e 10 100 203
e 10 111 196
e 10 113 200
e 10 118 195
e 10 121 201
e 10 126 208
e 10 130 204
e 10 141 196
e 10 154 190
e 11 25 200
e 11 37 204
e 11 50 207
e 11 55 192
e 11 60 197
e 11 75 198
e 11 78 192
e 11 79 214
e 11 87 193
e 11 97 204
e 11 107 198
e 11 117 197
e 11 126 193
e 11 131 203
e 11 145 197
e 11 147 196
e 11 155 203
e 11 159 203
e 12 23 305
e 12 26 197
e 12 41 200
e 12 53 192
e 12 55 198
e 12 68 192
e 12 69 202
e 12 91 197
e 12 92 200
e 12 99 203
e 12 102 198
e 12 103 212
e 12 109 193
e 12 115 201
e 12 117 200
e 12 120 198
e 12 125 200
e 12 127 207
e 12 138 200
e 12 140 202
e 12 141 194
e 12 152 191
e 12 156 192
e 12 160 195
e 13 22 292
e 13 25 199
e 13 34 193
e 13 51 195
e 13 52 208
e 13 56 211
e 13 68 204
e 13 73 198
e 13 74 204
e 13 77 194
e 13 85 197
e 13 99 191
e 13 105 205
e 13 107 194
e 13 110 202
e 13 112 201
e 13 123 207
e 13 129 203
e 13 130 211
e 13 131 202
e 13 132 199
e 13 134 207
e 13 140 200
e 13 149 203
e 14 20 304
e 14 21 310
e 14 26 206
e 14 36 195
e 14 44 209
e 14 55 198
e 14 61 195
e 14 68 194
e 14 71 202
e 14 73 192
e 14 75 205
e 14 85 205
e 14 87 198
e 14 104 195
e 14 123 193
e 14 126 201
e 14 127 203
e 14 129 196
e 14 132 205
e 14 137 205
e 14 139 198
e 14 141 202
e 14 143 195
e 14 144 196
e 14 152 200
e 15 17 306
e 15 19 302
e 15 20 298
e 15 29 197
e 15 30 199
e 15 32 196
e 15 36 206
e 15 38 199
e 15 46 199
e 15 50 193
e 15 59 206
e 15 61 196
e 15 64 207
e 15 70 193
e 15 76 192
e 15 78 197
e 15 94 202
e 15 100 204
e 15 111 196
e 15 115 197
e 15 119 198
e 15 123 192
e 15 124 191
e 15 125 196
e 15 131 197
e 15 134 198
e 15 135 200
e 15 137 200
e 15 143 202
e 15 144 198
e 15 149 200
e 15 150 196
e 15 151 198
e 15 160 198
e 16 21 306
e 16 27 203
e 16 30 194
e 16 36 197
e 16 41 196
e 16 47 208
e 16 48 201
e 16 50 200
e 16 52 190
e 16 56 198
e 16 58 201
e 16 60 206
e 16 61 189
e 16 63 206
e 16 64 200
e 16 66 200
e 16 69 191
e 16 72 204
e 16 76 208
e 16 79 198
e 16 82 203
e 16 90 202
e 16 94 207
e 16 98 202
e 16 99 194
e 16 109 200
e 16 110 208
e 16 129 201
e 16 132 200
e 16 137 200
e 16 139 199
e 16 142 199
e 16 149 204
e 16 152 211
e 16 153 202
e 16 154 194
e 17 30 199
e 17 32 199
e 17 40 190
e 17 46 199
e 17 53 211
e 17 57 199
e 17 60 203
e 17 61 199
e 17 67 212
e 17 78 206
e 17 84 191
e 17 87 196
e 17 88 202
e 17 98 208
e 17 100 199
e 17 102 203
e 17 107 206
e 17 115 202
e 17 131 197
e 17 132 204
e 17 134 208
e 17 142 193
e 17 143 196
e 17 145 200
e 17 153 198
e 17 158 190
e 18 24 301
e 18 27 202
e 18 28 193
e 18 40 199
e 18 41 198
e 18 44 206
e 18 50 197
e 18 59 192
e 18 61 200
e 18 65 207
e 18 69 201
e 18 73 206
e 18 77 203
e 18 87 198
e 18 91 202
e 18 98 195
e 18 108 196
e 18 114 198
e 18 118 208
e 18 126 193
e 18 128 200
e 18 130 192
e 18 133 207
e 18 134 201
e 18 136 205
e 18 138 198
e 18 141 198
e 18 145 205
e 18 152 211
e 19 20 301
e 19 22 295
e 19 25 204
e 19 27 192
e 19 33 202
e 19 35 195
e 19 42 204
e 19 49 199
e 19 51 187
e 19 53 204
e 19 57 201
e 19 74 194
e 19 81 198
e 19 84 195
e 19 92 190
e 19 94 204
e 19 102 197
e 19 106 202
e 19 110 190
e 19 112 206
e 19 124 198
e 19 133 196
e 19 134 201
e 19 145 199
e 19 151 199
e 19 153 198
e 19 155 200
e 19 156 206
e 19 159 206
e 20 21 293
e 20 36 208
e 20 39 196
e 20 40 209
e 20 57 203
e 20 59 201
e 20 61 207
e 20 71 209
e 20 75 209
e 20 76 199
e 20 77 203
e 20 83 200
e 20 84 205
e 20 90 195
e 20 93 208
e 20 100 202
e 20 104 207
e 20 109 194
e 20 110 200
e 20 120 195
e 20 122 197
e 20 127 200
e 20 131 195
e 20 140 201
e 20 153 196
e 20 160 205
e 21 23 299
e 21 27 198
e 21 37 194
e 21 54 192
e 21 63 200
e 21 66 201
e 21 68 193
e 21 70 197
e 21 71 206
e 21 77 204
e 21 83 194
e 21 84 200
e 21 86 204
e 21 94 209
e 21 96 202
e 21 105 190
e 21 106 195
e 21 110 203
e 21 114 207
e 21 116 199
e 21 126 196
e 21 130 198
e 21 134 202
e 21 139 204
e 21 141 193
e 21 144 200
e 21 146 197
e 21 159 201
e 21 160 190
e 22 24 295
e 22 52 199
e 22 54 198
e 22 55 199
e 22 56 202
e 22 61 207
e 22 62 195
e 22 78 201
e 22 88 201
e 22 103 196
e 22 104 200
e 22 111 196
e 22 112 209
e 22 113 189
e 22 117 204
e 22 118 195
e 22 123 196
e 22 125 202
e 22 127 202
e 22 133 194
e 22 135 197
e 22 144 196
e 22 155 205
e 22 158 192
e 23 28 206
e 23 29 195
e 23 32 201
e 23 47 201
e 23 49 207
e 23 52 204
e 23 62 200
e 23 63 200
e 23 71 188
e 23 80 198
e 23 86 201
e 23 91 199
e 23 93 187
e 23 98 195
e 23 107 193
e 23 118 198
e 23 120 206
e 23 122 198
e 23 126 199
e 23 134 205
e 23 135 187
e 23 143 195
e 23 148 200
e 23 153 202
e 23 158 206
e 23 159 196
e 24 26 196
e 24 28 197
e 24 30 207
e 24 31 201
e 24 40 199
e 24 44 196
e 24 64 208
e 24 67 200
e 24 77 205
e 24 82 195
e 24 85 201
e 24 86 201
e 24 90 206
e 24 94 188
e 24 98 206
e 24 104 204
e 24 106 200
e 24 109 197
e 24 110 199
e 24 122 198
e 24 123 201
e 24 124 198
e 24 128 204
e 24 134 205
e 24 149 192
e 24 150 197
e 24 154 197
e 24 155 195
e 24 159 205
e 25 32 105
e 25 39 103
e 25 42 98
e 25 43 93
e 25 45 107
e 25 46 108
e 25 60 88
e 25 61 102
e 25 68 105
e 25 78 106
e 25 80 108
e 25 84 100
e 25 88 94
e 25 92 94
e 25 110 96
e 25 111 101
e 25 116 110
e 25 118 101
e 25 121 106
e 25 122 105
e 25 125 104
e 25 142 97
e 25 146 100
e 25 150 102
e 25 152 105
e 26 27 98
e 26 41 103
e 26 52 94
e 26 54 103
e 26 66 109
e 26 68 92
e 26 72 104
e 26 75 98
e 26 77 95
e 26 79 90
e 26 80 99
e 26 85 109
e 26 86 109
e 26 87 95
e 26 95 106
e 26 98 99
e 26 102 104
e 26 115 103
e 26 117 101
e 26 122 99
e 26 125 91
e 26 126 93
e 26 128 98
e 26 131 101
e 26 137 106
e 26 139 104
e 26 141 101
e 26 145 102
e 26 147 100
e 26 151 99
e 26 152 90
e 27 31 97
e 27 32 94
e 27 33 94
e 27 36 96
e 27 38 106
e 27 54 100
e 27 63 104
e 27 65 99
e 27 66 105
e 27 78 102
e 27 82 95
e 27 83 106
e 27 90 104
e 27 93 93
e 27 96 90
e 27 97 98
e 27 98 93
e 27 102 105
e 27 105 96
e 27 109 103
e 27 126 102
e 27 130 99
e 27 136 92
e 27 145 104
e 27 146 92
e 27 150 104
e 27 159 106
e 28 31 96
e 28 44 100
e 28 51 108
e 28 53 107
e 28 60 91
e 28 63 101
e 28 81 98
e 28 88 89
e 28 94 94
e 28 96 99
e 28 98 99
e 28 100 89
e 28 103 98
e 28 104 96
e 28 107 103
e 28 116 102
e 28 117 104
e 28 122 98
e 28 127 105
e 28 128 97
e 28 132 99
e 28 137 105
e 28 148 102
e 28 149 97
e 28 151 93
e 28 155 101
e 28 160 99
e 29 37 101
e 29 50 102
e 29 52 98
e 29 63 97
e 29 66 104
e 29 79 103
e 29 82 99
e 29 92 92
e 29 100 103
e 29 103 97
e 29 108 99
e 29 113 94
e 29 114 92
e 29 115 96
e 29 118 96
e 29 131 97
e 29 135 95
e 29 147 94
e 29 150 96
e 29 152 104
e 29 153 91
e 29 160 98
e 30 35 104
e 30 37 96
e 30 45 98
e 30 47 91
e 30 49 102
e 30 50 100
e 30 52 104
e 30 54 101
e 30 60 103
e 30 62 105
e 30 66 101
e 30 68 94
e 30 77 91
e 30 81 101
e 30 97 103
e 30 99 101
e 30 101 106
e 30 102 98
e 30 105 100
e 30 112 105
e 30 113 106
e 30 123 90
e 30 125 100
e 30 130 100
e 30 137 103
e 30 139 105
e 30 152 98
e 30 154 101
e 31 32 91
e 31 38 90
e 31 41 99
e 31 44 99
e 31 49 105
e 31 54 104
e 31 60 103
e 31 65 103
e 31 67 101
e 31 76 95
e 31 77 103
e 31 81 98
e 31 83 97
e 31 88 95
e 31 91 96
e 31 93 93
e 31 114 96
e 31 116 104
e 31 118 101
e 31 121 90
e 31 128 101
e 31 131 103
e 31 132 94
e 31 133 101
e 31 139 99
e 31 146 102
e 31 148 93
e 31 156 93
e 32 35 91
e 32 36 97
e 32 45 94
e 32 47 99
e 32 50 101
e 32 55 92
e 32 58 100
e 32 59 103
e 32 62 97
e 32 76 102
e 32 78 100
e 32 81 102
e 32 88 102
e 32 89 98
e 32 103 98
e 32 104 99
e 32 106 92
e 32 107 95
e 32 108 98
e 32 109 107
e 32 110 105
e 32 114 100
e 32 117 108
e 32 124 97
e 32 126 102
e 32 132 101
e 32 133 102
e 32 138 114
e 32 140 97
e 32 144 89
e 32 151 100
e 32 152 92
e 32 153 97
e 32 154 107
e 33 36 107
e 33 42 101
e 33 43 98
e 33 45 100
e 33 50 96
e 33 51 101
e 33 53 96
e 33 57 98
e 33 59 98
e 33 66 95
e 33 72 104
e 33 78 102
e 33 80 103
e 33 92 98
e 33 98 97
e 33 110 95
e 33 113 103
e 33 120 103
e 33 122 105
e 33 123 95
e 33 132 101
e 33 146 96
e 33 147 100
e 33 148 105
e 33 159 97
e 34 37 97
e 34 43 105
e 34 44 89
e 34 50 95
e 34 58 104
e 34 63 92
e 34 67 98
e 34 81 103
e 34 85 102
e 34 87 98
e 34 92 99
e 34 101 93
e 34 105 100
e 34 108 98
e 34 109 107
e 34 112 104
e 34 113 97
e 34 117 92
e 34 118 94
e 34 121 104
e 34 123 97
e 34 135 101
e 34 136 88
e 34 140 106
e 34 145 98
e 34 151 110
e 35 36 98
e 35 42 96
e 35 43 96
e 35 45 98
e 35 57 106
e 35 64 95
e 35 73 101
e 35 74 96
e 35 80 95
e 35 83 105
e 35 93 105
e 35 94 104
e 35 112 97
e 35 113 98
e 35 122 94
e 35 138 96
e 35 144 99
e 35 146 96
e 35 155 103
e 36 39 93
e 36 40 97
e 36 44 98
e 36 48 100
e 36 55 107
e 36 57 99
e 36 62 101
e 36 63 94
e 36 65 98
e 36 66 95
e 36 69 99
e 36 70 102
e 36 72 99
e 36 82 104
e 36 92 105
e 36 96 103
e 36 99 106
e 36 101 104
e 36 102 103
e 36 103 100
e 36 108 97
e 36 109 87
e 36 112 109
e 36 124 101
e 36 125 99
e 36 128 100
e 36 129 94
e 36 136 99
e 36 140 100
e 36 142 96
e 36 148 100
e 36 151 110
e 36 153 95
e 36 158 105
e 37 42 89
e 37 53 102
e 37 56 92
e 37 70 108
e 37 71 101
e 37 72 102
e 37 82 97
e 37 84 102
e 37 86 116
e 37 94 95
e 37 99 103
e 37 118 100
e 37 120 102
e 37 135 105
e 37 136 99
e 37 142 109
e 37 144 93
e 37 156 95
e 37 157 108
e 38 39 105
e 38 40 95
e 38 41 98
e 38 58 95
e 38 73 100
e 38 76 108
e 38 77 102
e 38 83 100
e 38 92 103
e 38 100 99
e 38 105 96
e 38 108 117
e 38 111 102
e 38 116 91
e 38 121 91
e 38 122 96
e 38 123 100
e 38 128 98
e 38 134 104
e 38 136 90
e 38 137 92
e 38 139 107
e 38 148 100
e 38 151 94
e 38 152 102
e 38 155 99
e 38 156 89
e 38 157 100
e 39 41 108
e 39 43 101
e 39 46 107
e 39 47 97
e 39 50 96
e 39 56 99
e 39 58 98
e 39 61 93
e 39 67 102
e 39 79 103
e 39 80 103
e 39 87 98
e 39 98 104
e 39 103 93
e 39 108 104
e 39 112 100
e 39 113 96
e 39 123 102
e 39 124 93
e 39 130 102
e 39 132 102
e 39 136 104
e 39 146 93
e 39 160 110
e 40 52 102
e 40 53 102
e 40 56 95
e 40 60 94
e 40 61 92
e 40 63 100
e 40 73 92
e 40 75 105
e 40 77 92
e 40 79 98
e 40 81 103
e 40 84 102
e 40 85 102
e 40 103 100
e 40 121 107
e 40 125 94
e 40 130 104
e 40 135 97
e 40 139 98
e 40 146 91
e 40 150 99
e 41 44 104
e 41 49 97
e 41 58 100
e 41 67 96
e 41 73 98
e 41 76 90
e 41 77 102
e 41 80 102
e 41 87 99
e 41 89 103
e 41 94 97
e 41 96 98
e 41 104 97
e 41 105 86
e 41 108 101
e 41 111 99
e 41 128 95
e 41 133 94
e 41 140 105
e 41 142 102
e 41 143 99
e 41 153 103
e 41 154 101
e 41 159 98
e 42 43 93
e 42 46 103
e 42 48 99
e 42 53 109
e 42 58 95
e 42 60 93
e 42 74 100
e 42 78 104
e 42 79 101
e 42 83 101
e 42 86 107
e 42 90 105
e 42 91 95
e 42 92 90
e 42 103 105
e 42 105 105
e 42 115 91
e 42 124 106
e 42 127 107
e 42 131 101
e 42 133 95
e 42 137 100
e 42 141 102
e 42 145 95
e 42 148 103
e 42 151 104
e 42 158 103
e 42 159 94
e 42 160 102
e 43 44 101
e 43 50 103
e 43 58 93
e 43 61 103
e 43 62 100
e 43 65 98
e 43 68 100
e 43 70 102
e 43 71 111
e 43 75 103
e 43 77 105
e 43 87 92
e 43 89 90
e 43 93 101
e 43 94 91
e 43 95 106
e 43 104 102
e 43 107 98
e 43 117 101
e 43 120 101
e 43 125 106
e 43 138 98
e 43 140 95
e 43 141 100
e 43 142 103
e 43 144 98
e 43 148 101
e 43 151 95
e 44 46 90
e 44 50 106
e 44 56 101
e 44 59 98
e 44 61 92
e 44 63 99
e 44 66 94
e 44 67 95
e 44 70 103
e 44 79 97
e 44 81 102
e 44 84 93
e 44 86 91
e 44 93 97
e 44 94 96
e 44 113 94
e 44 115 104
e 44 123 98
e 44 124 104
e 44 125 100
e 44 130 100
e 44 151 104
e 44 153 99
e 44 156 99
e 45 51 102
e 45 61 98
e 45 65 104
e 45 73 97
e 45 74 99
e 45 76 96
e 45 77 107
e 45 78 101
e 45 83 85
e 45 96 101
e 45 100 99
e 45 102 95
e 45 105 107
e 45 109 94
e 45 110 100
e 45 114 112
e 45 123 96
e 45 124 98
e 45 126 100
e 45 127 102
e 45 128 108
e 45 134 101
e 45 139 106
e 45 148 103
e 45 149 101
e 45 152 94
e 45 155 96
e 46 58 93
e 46 67 99
e 46 78 103
e 46 82 92
e 46 83 97
e 46 84 96
e 46 96 99
e 46 98 104
e 46 99 96
e 46 100 98
e 46 101 101
e 46 102 101
e 46 104 100
e 46 114 95
e 46 117 95
e 46 121 79
e 46 140 103
e 46 142 100
e 46 143 103
e 46 146 98
e 46 153 97
e 46 155 104
e 47 48 90
e 47 53 104
e 47 55 97
e 47 61 97
e 47 67 102
e 47 68 104
e 47 73 93
e 47 75 94
e 47 81 104
e 47 82 108
e 47 96 101
e 47 108 99
e 47 115 100
e 47 120 96
e 47 123 104
e 47 124 106
e 47 130 106
e 47 133 100
e 47 134 104
e 47 139 103
e 47 141 96
e 47 147 102
e 47 149 97
e 47 154 96
e 47 159 101
e 48 52 108
e 48 53 103
e 48 54 102
e 48 57 92
e 48 59 108
e 48 70 89
e 48 72 100
e 48 79 101
e 48 83 103
e 48 85 100
e 48 86 105
e 48 88 102
e 48 91 106
e 48 106 97
e 48 111 99
e 48 113 108
e 48 120 100
e 48 122 101
e 48 126 101
e 48 129 90
e 48 134 96
e 48 138 91
e 48 140 106
e 48 145 104
e 48 155 100
e 49 52 96
e 49 57 112
e 49 73 99
e 49 74 102
e 49 77 96
e 49 79 85
e 49 82 99
e 49 84 101
e 49 86 105
e 49 89 102
e 49 94 108
e 49 95 91
e 49 96 90
e 49 103 97
e 49 105 85
e 49 111 97
e 49 124 92
e 49 131 93
e 49 134 99
e 49 137 97
e 49 139 107
e 49 142 98
e 49 145 100
e 49 153 101
e 49 158 100
e 49 160 96
e 50 51 103
e 50 61 97
e 50 65 85
e 50 67 105
e 50 73 109
e 50 74 100
e 50 82 110
e 50 85 103
e 50 96 102
e 50 112 96
e 50 113 104
e 50 116 96
e 50 123 98
e 50 127 98
e 50 132 97
e 50 136 101
e 50 137 106
e 50 144 106
e 50 145 100
e 51 52 101
e 51 53 102
e 51 54 101
e 51 56 97
e 51 62 104
e 51 64 99
e 51 65 98
e 51 68 93
e 51 70 97
e 51 76 104
e 51 77 103
e 51 82 101
e 51 92 96
e 51 93 99
e 51 99 94
e 51 101 100
e 51 112 90
e 51 114 91
e 51 130 95
e 51 136 91
e 51 138 103
e 51 140 104
e 51 141 104
e 51 143 92
e 51 151 100
e 51 153 97
e 52 53 92
e 52 67 100
e 52 70 99
e 52 88 95
e 52 95 107
e 52 99 91
e 52 101 96
e 52 106 110
e 52 110 102
e 52 118 97
e 52 123 101
e 52 128 95
e 52 130 102
e 52 131 97
e 52 135 92
e 52 142 100
e 52 155 103
e 53 58 95
e 53 59 104
e 53 61 110
e 53 63 102
e 53 69 96
e 53 72 103
e 53 73 112
e 53 81 100
e 53 93 96
e 53 104 103
e 53 108 108
e 53 113 104
e 53 119 98
e 53 124 95
e 53 129 99
e 53 135 99
e 53 143 97
e 53 151 106
e 53 155 95
e 53 160 104
e 54 66 105
e 54 69 100
e 54 75 94
e 54 83 99
e 54 97 105
e 54 99 99
e 54 101 98
e 54 111 92
e 54 116 103
e 54 125 94
e 54 126 115
e 54 127 101
e 54 128 99
e 54 129 106
e 54 130 99
e 54 136 93
e 54 138 108
e 54 142 103
e 54 148 106
e 54 157 103
e 54 158 108
e 55 62 98
e 55 65 104
e 55 74 97
e 55 77 97
e 55 79 97
e 55 80 93
e 55 90 97
e 55 91 98
e 55 96 95
e 55 108 95
e 55 111 107
e 55 119 98
e 55 121 101
e 55 126 109
e 55 128 101
e 55 131 102
e 55 141 102
e 55 150 94
e 56 75 100
e 56 79 109
e 56 80 95
e 56 84 105
e 56 85 99
e 56 88 98
e 56 89 105
e 56 91 102
e 56 97 87
e 56 106 100
e 56 108 109
e 56 111 110
e 56 113 103
e 56 115 102
e 56 116 101
e 56 133 106
e 56 137 106
e 56 138 104
e 56 151 95
e 56 153 95
e 56 155 102
e 56 159 110
e 57 60 94
e 57 63 103
e 57 64 103
e 57 71 101
e 57 80 100
e 57 88 100
e 57 89 94
e 57 96 98
e 57 97 101
e 57 99 103
e 57 104 95
e 57 105 103
e 57 108 97
e 57 111 102
e 57 116 99
e 57 120 98
e 57 126 104
e 57 135 101
e 57 142 102
e 57 147 100
e 57 148 105
e 57 158 96
e 57 159 102
e 58 61 102
e 58 72 97
e 58 84 93
e 58 90 99
e 58 97 93
e 58 99 101
e 58 101 98
e 58 114 102
e 58 118 87
e 58 124 102
e 58 125 98
e 58 127 99
e 58 133 103
e 58 138 88
e 58 139 102
e 58 140 87
e 58 150 92
e 58 157 97
e 58 159 103
e 59 60 94
e 59 71 97
e 59 73 101
e 59 74 97
e 59 79 101
e 59 80 94
e 59 82 104
e 59 86 102
e 59 87 87
e 59 94 104
e 59 97 97
e 59 103 102
e 59 104 102
e 59 107 99
e 59 118 106
e 59 121 112
e 59 125 96
e 59 127 101
e 59 135 103
e 59 146 99
e 59 147 102
e 59 148 103
e 60 61 95
e 60 76 98
e 60 78 100
e 60 80 101
e 60 81 94
e 60 82 92
e 60 91 112
e 60 94 103
e 60 97 96
e 60 106 98
e 60 109 95
e 60 110 106
e 60 113 90
e 60 115 105
e 60 117 96
e 60 118 98
e 60 120 106
e 60 122 96
e 60 125 103
e 60 127 93
e 60 134 101
e 60 140 100
e 60 149 104
e 60 153 96
e 60 156 105
e 61 62 103
e 61 63 101
e 61 70 99
e 61 83 99
e 61 92 110
e 61 96 99
e 61 101 102
e 61 103 97
e 61 109 105
e 61 111 98
e 61 112 109
e 61 118 100
e 61 120 103
e 61 129 100
e 61 132 100
e 61 134 93
e 61 135 98
e 61 140 106
e 61 154 100
e 61 157 103
e 61 160 100
e 62 68 100
e 62 75 106
e 62 76 97
e 62 78 104
e 62 80 107
e 62 84 105
e 62 86 94
e 62 88 102
e 62 89 103
e 62 90 105
e 62 93 93
e 62 95 98
e 62 105 114
e 62 113 106
e 62 130 108
e 62 133 103
e 62 134 95
e 62 136 94
e 62 141 94
e 62 144 105
e 62 149 97
e 62 151 109
e 62 158 107
e 62 159 99
e 63 82 102
e 63 85 96
e 63 86 94
e 63 93 92
e 63 107 99
e 63 108 91
e 63 111 97
e 63 112 89
e 63 113 97
e 63 115 102
e 63 118 109
e 63 121 92
e 63 123 94
e 63 128 97
e 63 129 98
e 63 137 103
e 63 145 102
e 63 152 105
e 63 153 101
e 64 65 109
e 64 77 104
e 64 80 101
e 64 83 100
e 64 87 93
e 64 93 102
e 64 95 101
e 64 105 97
e 64 108 99
e 64 109 99
e 64 113 102
e 64 114 92
e 64 115 100
e 64 121 97
e 64 123 96
e 64 129 104
e 64 141 88
e 64 147 99
e 64 148 104
e 64 150 103
e 64 155 102
e 64 159 97
e 65 67 104
e 65 74 99
e 65 75 107
e 65 77 103
e 65 78 101
e 65 84 95
e 65 86 105
e 65 96 105
e 65 104 99
e 65 119 91
e 65 124 106
e 65 126 100
e 65 130 100
e 65 134 96
e 65 135 98
e 65 140 101
e 65 143 96
e 65 148 103
e 65 151 96
e 65 154 98
e 65 156 102
e 65 157 98
e 66 77 102
e 66 82 101
e 66 85 97
e 66 91 94
e 66 110 108
e 66 117 90
e 66 118 97
e 66 120 94
e 66 121 103
e 66 123 97
e 66 126 93
e 66 130 97
e 66 131 94
e 66 132 103
e 66 133 98
e 66 135 105
e 66 140 94
e 66 153 95
e 66 159 96
e 67 68 101
e 67 74 97
e 67 77 94
e 67 78 99
e 67 85 100
e 67 88 111
e 67 103 106
e 67 106 97
e 67 111 101
e 67 114 104
e 67 128 102
e 67 140 101
e 67 148 99
e 67 150 97
e 67 155 102
e 68 81 98
e 68 83 101
e 68 88 105
e 68 92 99
e 68 94 95
e 68 95 102
e 68 120 99
e 68 125 103
e 68 126 99
e 68 131 105
e 68 132 90
e 68 139 99
e 68 140 101
e 68 143 104
e 68 145 109
e 68 156 104
e 68 158 106
e 69 71 99
e 69 74 97
e 69 79 104
e 69 81 96
e 69 84 102
e 69 91 94
e 69 97 103
e 69 105 102
e 69 108 98
e 69 120 104
e 69 121 104
e 69 132 100
e 69 135 101
e 69 138 95
e 69 145 96
e 69 146 106
e 69 151 101
e 69 154 102
e 69 159 96
e 70 79 102
e 70 83 103
e 70 90 91
e 70 92 104
e 70 96 97
e 70 97 97
e 70 105 98
e 70 112 99
e 70 114 107
e 70 115 98
e 70 124 103
e 70 125 104
e 70 126 95
e 70 136 100
e 70 139 89
e 70 144 102
e 70 145 99
e 70 147 100
e 70 149 106
e 70 151 90
e 70 152 98
e 71 73 101
e 71 84 96
e 71 85 100
e 71 90 94
e 71 91 98
e 71 94 105
e 71 102 104
e 71 106 100
e 71 114 101
e 71 115 99
e 71 126 109
e 71 132 100
e 71 135 100
e 71 138 89
e 71 143 110
e 71 147 104
e 71 150 95
e 71 156 100
e 71 157 107
e 72 82 101
e 72 83 95
e 72 89 98
e 72 90 91
e 72 102 92
e 72 104 94
e 72 111 102
e 72 113 107
e 72 117 96
e 72 131 100
e 72 140 103
e 72 143 97
e 72 152 97
e 72 157 95
e 73 75 98
e 73 78 97
e 73 80 101
e 73 92 109
e 73 99 98
e 73 109 103
e 73 111 96
e 73 112 102
e 73 115 101
e 73 117 100
e 73 118 113
e 73 133 101
e 73 137 90
e 73 138 99
e 73 140 92
e 73 155 98
e 73 157 104
e 73 158 98
e 74 79 94
e 74 82 95
e 74 89 97
e 74 91 99
e 74 93 105
e 74 100 89
e 74 101 102
e 74 105 106
e 74 107 105
e 74 113 100
e 74 114 108
e 74 117 94
e 74 132 100
e 74 134 99
e 74 135 98
e 74 137 100
e 74 138 86
e 74 142 107
e 74 146 94
e 74 155 100
e 74 156 97
e 74 157 97
e 75 83 100
e 75 84 87
e 75 89 102
e 75 94 102
e 75 99 97
e 75 100 95
e 75 109 101
e 75 112 102
e 75 116 88
e 75 121 94
e 75 138 106
e 75 139 105
e 75 146 110
e 75 150 103
e 75 155 100
e 76 80 99
e 76 83 96
e 76 84 100
e 76 88 100
e 76 95 100
e 76 97 95
e 76 99 105
e 76 103 101
e 76 108 96
e 76 111 92
e 76 117 117
e 76 136 96
e 76 140 104
e 76 143 97
e 76 151 93
e 76 152 99
e 76 157 95
e 77 84 94
e 77 85 101
e 77 90 98
e 77 91 107
e 77 101 98
e 77 102 98
e 77 108 111
e 77 109 98
e 77 113 104
e 77 120 104
e 77 121 99
e 77 139 95
e 77 143 88
e 77 147 92
e 77 149 87
e 77 150 100
e 77 151 105
e 77 156 98
e 77 157 101
e 78 81 105
e 78 85 108
e 78 93 88
e 78 106 104
e 78 109 97
e 78 110 100
e 78 113 93
e 78 116 108
e 78 123 99
e 78 125 110
e 78 143 94
e 78 146 93
e 78 159 106
e 79 81 103
e 79 88 99
e 79 95 103
e 79 105 113
e 79 107 101
e 79 112 99
e 79 116 96
e 79 118 103
e 79 125 107
e 79 128 99
e 79 135 103
e 79 145 103
e 79 146 99
e 79 148 105
e 79 153 104
e 80 81 104
e 80 82 103
e 80 83 103
e 80 114 102
e 80 118 96
e 80 137 91
e 80 140 105
e 80 142 96
e 80 148 98
e 80 151 100
e 80 159 103
e 81 83 104
e 81 85 94
e 81 96 96
e 81 98 101
e 81 100 91
e 81 101 105
e 81 103 108
e 81 109 98
e 81 116 111
e 81 126 101
e 81 128 97
e 81 131 95
e 81 134 108
e 81 148 95
e 81 150 96
e 81 158 86
e 82 91 100
e 82 92 98
e 82 96 96
e 82 99 105
e 82 117 93
e 82 123 99
e 82 126 95
e 82 128 115
e 82 130 109
e 82 138 97
e 82 141 92
e 82 145 93
e 82 146 96
e 82 150 103
e 82 153 106
e 82 158 97
e 82 160 94
e 83 84 102
e 83 86 109
e 83 92 92
e 83 95 99
e 83 96 98
e 83 101 96
e 83 102 101
e 83 104 109
e 83 114 107
e 83 119 100
e 83 120 100
e 83 125 103
e 83 130 100
e 83 139 107
e 83 140 97
e 83 142 101
e 83 145 99
e 83 147 92
e 83 149 96
e 83 157 114
e 84 99 113
e 84 116 98
e 84 134 101
e 84 137 107
e 84 140 103
e 84 142 94
e 84 149 95
e 84 151 99
e 84 152 90
e 84 155 98
e 85 87 102
e 85 91 104
e 85 94 103
e 85 124 95
e 85 133 99
e 85 138 104
e 85 139 99
e 85 146 105
e 85 150 97
e 85 156 104
e 85 158 94
e 85 159 101
e 86 96 98
e 86 105 93
e 86 106 108
e 86 110 91
e 86 120 100
e 86 121 103
e 86 123 96
e 86 132 101
e 86 134 107
e 86 140 94
e 86 141 106
e 86 142 101
e 86 148 103
e 86 150 92
e 86 156 106
e 87 95 104
e 87 96 98
e 87 98 95
e 87 113 89
e 87 115 102
e 87 120 100
e 87 123 96
e 87 127 110
e 87 133 109
e 87 150 102
e 87 153 87
e 87 159 96
e 88 90 101
e 88 92 101
e 88 98 107
e 88 101 97
e 88 106 90
e 88 112 103
e 88 117 92
e 88 119 99
e 88 128 99
e 88 131 102
e 88 138 93
e 88 143 102
e 88 153 106
e 89 94 102
e 89 95 95
e 89 98 105
e 89 112 106
e 89 114 96
e 89 118 109
e 89 121 104
e 89 122 93
e 89 123 98
e 89 126 97
e 89 131 102
e 89 150 96
e 89 152 90
e 89 153 107
e 89 159 94
e 89 160 96
e 90 94 96
e 90 102 101
e 90 106 102
e 90 108 95
e 90 111 94
e 90 116 89
e 90 122 95
e 90 125 101
e 90 130 97
e 90 132 100
e 90 135 99
e 90 137 95
e 90 139 97
e 90 145 101
e 90 146 96
e 90 147 86
e 90 150 92
e 90 153 94
e 90 156 103
e 91 92 111
e 91 94 93
e 91 96 95
e 91 101 98
e 91 105 99
e 91 113 103
e 91 115 101
e 91 118 100
e 91 122 94
e 91 124 100
e 91 142 103
e 91 146 102
e 91 160 99
e 92 100 100
e 92 104 109
e 92 109 95
e 92 118 105
e 92 120 96
e 92 126 99
e 92 131 104
e 92 135 106
e 92 136 92
e 92 142 98
e 92 144 97
e 92 149 108
e 92 153 102
e 92 154 104
e 92 157 95
e 92 160 101
e 93 97 101
e 93 121 93
e 93 139 97
e 93 143 104
e 93 153 97
e 94 97 94
e 94 99 98
e 94 101 97
e 94 103 105
e 94 108 95
e 94 119 101
e 94 121 100
e 94 129 97
e 94 132 98
e 94 137 109
e 94 146 104
e 94 153 92
e 94 158 94
e 95 100 107
e 95 101 91
e 95 112 99
e 95 132 94
e 95 133 93
e 95 139 92
e 95 142 95
e 95 144 99
e 95 159 99
e 96 99 105
e 96 103 101
e 96 123 104
e 96 127 93
e 96 131 110
e 96 143 106
e 96 146 104
e 96 151 95
e 96 153 92
e 96 157 103
e 97 98 101
e 97 100 104
e 97 106 97
e 97 117 93
e 97 119 102
e 97 120 99
e 97 122 106
e 97 148 93
e 97 150 103
e 98 106 100
e 98 118 101
e 98 125 98
e 98 128 97
e 98 129 100
e 98 136 101
e 98 138 107
e 98 140 107
e 98 146 102
e 98 153 95
e 98 155 95
e 99 100 107
e 99 108 91
e 99 111 102
e 99 113 102
e 99 114 96
e 99 118 102
e 99 132 93
e 99 135 98
e 99 141 95
e 99 142 91
e 99 143 95
e 99 144 105
e 99 151 98
e 99 154 102
e 99 159 102
e 100 105 97
e 100 108 97
e 100 127 91
e 100 128 98
e 100 136 96
e 100 139 105
e 100 143 95
e 100 149 100
e 100 151 101
e 100 153 92
e 100 154 93
e 100 155 96
e 100 156 93
e 100 159 105
e 100 160 106
e 101 103 105
e 101 111 96
e 101 112 101
e 101 115 98
e 101 120 104
e 101 123 95
e 101 126 103
e 101 134 105
e 101 149 98
e 101 154 104
e 101 155 101
e 101 156 90
e 101 160 95
e 102 103 103
e 102 109 97
e 102 115 88
e 102 116 106
e 102 117 101
e 102 122 103
e 102 134 101
e 102 140 95
e 102 142 90
e 102 156 95
e 103 106 100
e 103 114 100
e 103 120 102
e 103 121 102
e 103 125 96
e 103 130 97
e 103 132 100
e 103 137 103
e 103 138 101
e 103 144 103
e 103 146 106
e 103 147 95
e 103 157 97
e 103 160 88
e 104 107 99
e 104 108 94
e 104 109 96
e 104 118 101
e 104 126 99
e 104 128 94
e 104 135 99
e 104 141 99
e 104 148 101
e 104 156 96
e 104 157 103
e 105 110 100
e 105 115 92
e 105 116 106
e 105 120 98
e 105 127 98
e 105 138 99
e 105 148 107
e 105 149 92
e 105 151 98
e 105 156 92
e 106 113 94
e 106 116 101
e 106 124 100
e 106 125 97
e 106 129 104
e 106 132 99
e 106 134 103
e 106 136 100
e 106 142 102
e 106 155 100
e 107 112 103
e 107 115 100
e 107 117 91
e 107 121 98
e 107 122 94
e 107 131 107
e 107 134 101
e 107 140 95
e 107 146 102
e 107 151 106
e 107 160 101
e 108 113 101
e 108 116 103
e 108 118 105
e 108 127 112
e 108 128 96
e 108 136 100
e 108 145 93
e 108 148 103
e 108 158 98
e 108 160 102
e 109 115 106
e 109 120 101
e 109 121 97
e 109 124 99
e 109 127 106
e 109 140 100
e 109 141 101
e 109 145 101
e 109 148 95
e 109 151 107
e 109 155 94
e 109 159 93
e 110 115 105
e 110 120 96
e 110 122 103
e 110 124 103
e 110 130 99
e 110 137 96
e 110 140 97
e 110 141 102
e 110 144 97
e 110 150 98
e 110 153 113
e 110 159 107
e 111 119 100
e 111 120 108
e 111 123 103
e 111 124 113
e 111 135 107
e 111 140 93
e 111 145 93
e 111 153 104
e 111 155 101
e 112 115 100
e 112 129 101
e 112 136 103
e 112 139 99
e 112 141 93
e 112 150 103
e 112 151 99
e 112 152 94
e 112 153 105
e 112 160 98
e 113 118 98
e 113 135 93
e 113 140 98
e 113 146 104
e 113 151 105
e 113 155 99
e 113 159 110
e 114 121 106
e 114 122 108
e 114 131 98
e 114 136 108
e 114 147 103
e 114 153 95
e 114 155 96
e 114 158 100
e 115 117 105
e 115 120 91
e 115 122 101
e 115 126 93
e 115 131 101
e 115 136 97
e 115 138 103
e 115 148 100
e 116 121 86
e 116 124 97
e 116 131 98
e 116 133 99
e 116 137 101
e 116 142 92
e 116 143 96
e 116 144 103
e 116 145 98
e 116 146 105
e 116 153 93
e 116 154 93
e 116 156 99
e 116 157 104
e 116 158 95
e 116 160 100
e 117 121 94
e 117 124 94
e 117 130 103
e 117 136 109
e 117 142 99
e 117 143 99
e 117 152 110
e 117 157 99
e 118 122 101
e 118 126 96
e 118 129 99
e 118 130 106
e 118 140 95
e 119 122 100
e 119 123 96
e 119 124 106
e 119 131 96
e 119 133 96
e 119 139 107
e 119 143 105
e 119 147 97
e 119 149 104
e 119 160 104
e 120 121 100
e 120 122 93
e 120 123 95
e 120 134 99
e 120 136 94
e 120 139 103
e 120 154 95
e 120 155 106
e 120 156 105
e 120 157 108
e 120 158 97
e 121 124 99
e 121 130 97
e 121 132 100
e 121 135 96
e 121 138 97
e 121 144 103
e 121 150 106
e 121 151 97
e 121 152 106
e 121 153 100
e 121 154 92
e 121 159 93
e 122 125 98
e 122 126 95
e 122 131 94
e 122 133 106
e 122 134 100
e 122 138 95
e 122 141 101
e 122 142 97
e 122 152 96
e 123 128 98
e 123 132 109
e 123 135 92
e 123 136 93
e 123 143 100
e 123 145 100
e 123 147 101
e 123 150 105
e 123 159 105
e 124 125 104
e 124 126 95
e 124 129 93
e 124 153 90
e 124 159 94
e 124 160 90
e 125 138 100
e 125 139 104
e 125 140 104
e 125 141 98
e 125 142 99
e 125 143 105
e 125 152 105
e 126 131 100
e 126 141 101
e 126 144 106
e 126 148 101
e 126 152 100
e 127 131 93
e 127 133 102
e 127 137 98
e 127 138 103
e 127 143 102
e 127 151 98
e 127 153 105
e 128 135 101
e 128 142 105
e 128 145 109
e 128 146 101
e 128 154 110
e 128 155 99
e 128 158 107
e 129 142 100
e 129 143 108
e 129 144 109
e 129 154 92
e 129 158 97
e 130 131 96
e 130 132 99
e 130 138 104
e 130 147 100
e 130 157 95
e 131 135 98
e 131 140 109
e 131 147 100
e 131 148 107
e 131 155 101
e 131 157 100
e 132 134 96
e 132 141 102
e 132 142 97
e 132 153 107
e 133 154 105
e 133 158 97
e 134 138 104
e 134 156 103
e 135 136 96
e 135 147 106
e 135 148 95
e 135 149 95
e 135 150 106
e 135 153 99
e 136 141 104
e 136 143 104
e 136 146 106
e 137 141 100
e 137 147 109
e 137 149 97
e 137 152 98
e 137 156 95
e 137 157 98
e 138 139 102
e 138 149 97
e 138 155 109
e 138 159 95
e 139 144 105
e 139 147 97
e 139 149 102
e 139 152 104
e 139 153 105
e 139 158 96
e 140 145 95
e 140 148 101
e 140 152 102
e 140 156 100
e 141 145 91
e 141 147 95
e 141 150 91
e 141 154 99
e 142 154 93
e 142 156 99
e 143 148 100
e 143 155 91
e 143 159 96
e 145 146 99
e 145 147 107
e 145 148 99
e 145 154 94
e 145 157 93
e 145 160 96
e 146 156 103
e 146 157 97
e 146 159 103
e 147 154 102
e 148 150 100
e 148 154 99
e 148 157 92
e 148 160 101
e 149 151 96
e 149 154 92
e 150 155 98
e 150 158 105
e 151 155 104
e 151 157 95
e 152 159 98
e 153 157 103
e 153 158 102
e 154 156 95
e 154 157 99
e 155 159 97
e 155 160 102
e 156 158 90